         0          0          0          0          0          0          0          0          0          0          0          0          0          0          0          0          0          0          0          0          0          0          0          0          0          0          0          0          0          0          0          0          0          0          0          0          0          0          0          0          0          0          0          0          0          0          0          0          0          0
         0   0.000385   0.000759   0.001108   0.001425   0.001702   0.001932   0.002113   0.002246   0.002332   0.002377   0.002384   0.002363   0.002321   0.002264   0.002198   0.002132   0.002068    0.00201   0.001962   0.001924   0.001897   0.001879   0.001871   0.001871   0.001877   0.001886   0.001899   0.001914   0.001929   0.001944   0.001958   0.001971   0.001983   0.001993   0.002001   0.002008   0.002013   0.002017   0.002021   0.002024   0.002025   0.002028   0.002029   0.002029    0.00203   0.002031   0.002031   0.002033   0.002034
         0   0.000759   0.001493   0.002181   0.002804   0.003348   0.003799   0.004154   0.004412   0.004579   0.004662   0.004675    0.00463   0.004542   0.004426   0.004294    0.00416   0.004032   0.003917   0.003821   0.003745   0.003689   0.003655   0.003639   0.003638   0.003648   0.003669   0.003694   0.003723   0.003754   0.003784   0.003812   0.003838   0.003861    0.00388   0.003896    0.00391   0.003921    0.00393   0.003937   0.003942   0.003946   0.003949   0.003951   0.003953   0.003954   0.003956   0.003957    0.00396   0.003963
         0   0.001108   0.002181   0.003187   0.004096   0.004885   0.005541   0.006054   0.006425   0.006662   0.006776   0.006785    0.00671   0.006573   0.006394   0.006194   0.005991   0.005797   0.005625   0.005479   0.005366   0.005283   0.005231   0.005207   0.005205    0.00522    0.00525   0.005288   0.005332   0.005377   0.005423   0.005464   0.005502   0.005537   0.005566    0.00559   0.005609   0.005626   0.005639   0.005649   0.005657   0.005663   0.005667   0.005671   0.005674   0.005676   0.005678   0.005681   0.005684   0.005689
         0   0.001425   0.002804   0.004096   0.005261   0.006271   0.007106   0.007756   0.008222   0.008511   0.008643   0.008639   0.008526   0.008333   0.008088   0.007817   0.007543   0.007282   0.007051   0.006857   0.006704   0.006594   0.006525   0.006492   0.006489    0.00651   0.006549     0.0066   0.006657   0.006717   0.006776   0.006831   0.006882   0.006927   0.006965   0.006998   0.007024   0.007045   0.007063   0.007076   0.007087   0.007094     0.0071   0.007104   0.007108   0.007112   0.007114   0.007117   0.007121   0.007128
         0   0.001702   0.003348   0.004885   0.006271   0.007468   0.008453   0.009214    0.00975   0.010075   0.010208   0.010178   0.010017   0.009762   0.009445     0.0091   0.008752   0.008425   0.008134   0.007891     0.0077   0.007562   0.007476   0.007433    0.00743   0.007456   0.007504   0.007566   0.007637   0.007712   0.007784   0.007852   0.007915    0.00797   0.008017   0.008056    0.00809   0.008117   0.008137   0.008154   0.008167   0.008177   0.008184   0.008189   0.008194   0.008197   0.008201   0.008204    0.00821   0.008218
         0   0.001932   0.003799   0.005541   0.007106   0.008453   0.009554   0.010395   0.010977   0.011316   0.011433   0.011364   0.011146    0.01082   0.010427   0.010003   0.009582   0.009186   0.008835   0.008542   0.008313   0.008148   0.008044   0.007994   0.007989   0.008019   0.008076   0.008149   0.008234   0.008321   0.008406   0.008487   0.008561   0.008627   0.008682    0.00873   0.008768     0.0088   0.008824   0.008844   0.008859    0.00887   0.008879   0.008885   0.008891   0.008894   0.008899   0.008903    0.00891    0.00892
         0   0.002113   0.004154   0.006054   0.007756   0.009214   0.010395   0.011286   0.011889   0.012218   0.012303    0.01218   0.011895   0.011492   0.011018   0.010513   0.010014   0.009549   0.009139   0.008799   0.008532    0.00834   0.008219    0.00816   0.008153   0.008188   0.008252   0.008337   0.008433   0.008534   0.008632   0.008725   0.008809   0.008884   0.008948   0.009002   0.009046   0.009082    0.00911   0.009133    0.00915   0.009163   0.009173   0.009181   0.009186   0.009191   0.009196   0.009201   0.009209   0.009219
         0   0.002246   0.004412   0.006425   0.008222    0.00975   0.010977   0.011889   0.012485   0.012784   0.012819   0.012631   0.012269   0.011783   0.011224   0.010636    0.01006   0.009526   0.009059   0.008669   0.008367   0.008149   0.008011   0.007944   0.007935   0.007974   0.008046   0.008141   0.008249   0.008361   0.008472   0.008575    0.00867   0.008753   0.008826   0.008885   0.008936   0.008975   0.009008   0.009033   0.009052   0.009066   0.009078   0.009086   0.009092   0.009098   0.009103   0.009109   0.009117   0.009129
         0   0.002332   0.004579   0.006662   0.008511   0.010075   0.011316   0.012218   0.012784   0.013035   0.013006   0.012741   0.012294   0.011721   0.011073   0.010403    0.00975   0.009149   0.008624   0.008188    0.00785   0.007608   0.007454   0.007379   0.007369   0.007412   0.007492   0.007596   0.007715   0.007839   0.007959   0.008075   0.008178    0.00827   0.008349   0.008415    0.00847   0.008515    0.00855   0.008577   0.008598   0.008614   0.008627   0.008636   0.008643   0.008649   0.008655   0.008661    0.00867   0.008683
         0   0.002377   0.004662   0.006776   0.008643   0.010208   0.011433   0.012303   0.012819   0.013006   0.012899   0.012551   0.012014   0.011349   0.010614    0.00986   0.009132   0.008466   0.007886   0.007407   0.007036   0.006769   0.006601   0.006519   0.006508   0.006554   0.006641   0.006755   0.006884   0.007018    0.00715   0.007274   0.007387   0.007487   0.007573   0.007645   0.007705   0.007752    0.00779    0.00782   0.007842    0.00786   0.007873   0.007883   0.007891   0.007898   0.007904   0.007911    0.00792   0.007935
         0   0.002384   0.004675   0.006785   0.008639   0.010178   0.011364    0.01218   0.012631   0.012741   0.012551   0.012112   0.011482   0.010727   0.009904    0.00907    0.00827   0.007541    0.00691   0.006389   0.005987   0.005699   0.005519    0.00543   0.005419   0.005468   0.005562   0.005684   0.005823   0.005967   0.006109   0.006242   0.006363   0.006469   0.006562   0.006639   0.006703   0.006754   0.006794   0.006826   0.006851   0.006869   0.006884   0.006894   0.006902   0.006909   0.006916   0.006924   0.006934   0.006949
         0   0.002363    0.00463    0.00671   0.008526   0.010017   0.011146   0.011895   0.012269   0.012294   0.012014   0.011482   0.010761   0.009917    0.00901     0.0081   0.007232   0.006445   0.005765   0.005207   0.004777   0.004471   0.004278   0.004184   0.004173   0.004226   0.004325   0.004456   0.004604   0.004757   0.004908    0.00505   0.005178   0.005292   0.005389   0.005471   0.005539   0.005593   0.005636    0.00567   0.005696   0.005715    0.00573   0.005741    0.00575   0.005757   0.005764   0.005773   0.005784     0.0058
         0   0.002321   0.004542   0.006573   0.008333   0.009762    0.01082   0.011492   0.011783   0.011721   0.011349   0.010727   0.009917   0.008987   0.008002   0.007019   0.006089   0.005249   0.004527   0.003935    0.00348   0.003157   0.002954   0.002856   0.002846   0.002903   0.003009   0.003147   0.003303   0.003466   0.003624   0.003773   0.003909   0.004029    0.00413   0.004217   0.004287   0.004345    0.00439   0.004425   0.004453   0.004474   0.004489   0.004501    0.00451   0.004518   0.004525   0.004534   0.004545   0.004562
         0   0.002264   0.004426   0.006394   0.008088   0.009445   0.010427   0.011018   0.011224   0.011073   0.010614   0.009904    0.00901   0.008002   0.006943   0.005896    0.00491   0.004023   0.003263   0.002642   0.002165   0.001828   0.001618   0.001517   0.001508   0.001569   0.001681   0.001826    0.00199   0.002161   0.002327   0.002484   0.002625    0.00275   0.002856   0.002947   0.003021    0.00308   0.003128   0.003165   0.003193   0.003215   0.003231   0.003243   0.003253    0.00326   0.003268   0.003277   0.003289   0.003307
         0   0.002198   0.004294   0.006194   0.007817     0.0091   0.010003   0.010513   0.010636   0.010403    0.00986    0.00907     0.0081   0.007019   0.005896   0.004792   0.003756   0.002829   0.002035   0.001391   0.000897   0.000548   0.000332    0.00023   0.000222   0.000287   0.000405   0.000558    0.00073   0.000907    0.00108   0.001243   0.001389   0.001519   0.001631   0.001724     0.0018   0.001863   0.001912    0.00195   0.001979   0.002001   0.002019   0.002031   0.002041    0.00205   0.002057   0.002066   0.002078   0.002097
         0   0.002132    0.00416   0.005991   0.007543   0.008752   0.009582   0.010014    0.01006    0.00975   0.009132    0.00827   0.007232   0.006089    0.00491   0.003756    0.00268   0.001718   0.000897   0.000232  -0.000275  -0.000632  -0.000853  -0.000955   -0.00096   -0.00089  -0.000766  -0.000607  -0.000429  -0.000245   -6.5e-05   0.000103   0.000255   0.000389   0.000504     0.0006    0.00068   0.000743   0.000794   0.000833   0.000863   0.000886   0.000904   0.000917   0.000927   0.000936   0.000944   0.000953   0.000965   0.000984
         0   0.002068   0.004032   0.005797   0.007282   0.008425   0.009186   0.009549   0.009526   0.009149   0.008466   0.007541   0.006445   0.005249   0.004023   0.002829   0.001718   0.000729  -0.000113  -0.000794  -0.001313  -0.001675  -0.001897  -0.001999  -0.002001  -0.001925  -0.001795   -0.00163  -0.001446  -0.001256   -0.00107  -0.000897  -0.000741  -0.000603  -0.000486  -0.000387  -0.000305  -0.000239  -0.000187  -0.000147  -0.000116   -9.2e-05   -7.5e-05   -6.1e-05   -5.1e-05   -4.2e-05   -3.4e-05   -2.4e-05   -1.2e-05      8e-06
         0    0.00201   0.003917   0.005625   0.007051   0.008134   0.008835   0.009139   0.009059   0.008624   0.007886    0.00691   0.005765   0.004527   0.003263   0.002035   0.000897  -0.000113  -0.000972  -0.001663  -0.002189  -0.002555  -0.002778  -0.002877  -0.002875  -0.002795   -0.00266  -0.002488  -0.002298  -0.002103  -0.001913  -0.001734  -0.001574  -0.001432  -0.001312   -0.00121  -0.001127   -0.00106  -0.001007  -0.000966  -0.000934   -0.00091  -0.000892  -0.000878  -0.000868  -0.000858  -0.000851   -0.00084  -0.000828  -0.000808
         0   0.001962   0.003821   0.005479   0.006857   0.007891   0.008542   0.008799   0.008669   0.008188   0.007407   0.006389   0.005207   0.003935   0.002642   0.001391   0.000232  -0.000794  -0.001663  -0.002363  -0.002892   -0.00326  -0.003481  -0.003577  -0.003571  -0.003486  -0.003346  -0.003169  -0.002974  -0.002773  -0.002578  -0.002397  -0.002232  -0.002088  -0.001965  -0.001862  -0.001776  -0.001708  -0.001654  -0.001612   -0.00158  -0.001555  -0.001536  -0.001523  -0.001512  -0.001503  -0.001494  -0.001485  -0.001471  -0.001452
         0   0.001924   0.003745   0.005366   0.006704     0.0077   0.008313   0.008532   0.008367    0.00785   0.007036   0.005987   0.004777    0.00348   0.002165   0.000897  -0.000275  -0.001313  -0.002189  -0.002892  -0.003423   -0.00379  -0.004008  -0.004101   -0.00409  -0.004001  -0.003855  -0.003673  -0.003472  -0.003268  -0.003069  -0.002884  -0.002716  -0.002569  -0.002444  -0.002339  -0.002253  -0.002183  -0.002129  -0.002085  -0.002053  -0.002028  -0.002009  -0.001995  -0.001984  -0.001976  -0.001966  -0.001957  -0.001943  -0.001923
         0   0.001897   0.003689   0.005283   0.006594   0.007562   0.008148    0.00834   0.008149   0.007608   0.006769   0.005699   0.004471   0.003157   0.001828   0.000548  -0.000632  -0.001675  -0.002555   -0.00326   -0.00379  -0.004154   -0.00437  -0.004458  -0.004443  -0.004348  -0.004197  -0.004011  -0.003805  -0.003597  -0.003395  -0.003206  -0.003036  -0.002887   -0.00276  -0.002653  -0.002566  -0.002496   -0.00244  -0.002397  -0.002363  -0.002339  -0.002319  -0.002305  -0.002294  -0.002285  -0.002276  -0.002266  -0.002252  -0.002232
         0   0.001879   0.003655   0.005231   0.006525   0.007476   0.008044   0.008219   0.008011   0.007454   0.006601   0.005519   0.004278   0.002954   0.001618   0.000332  -0.000853  -0.001897  -0.002778  -0.003481  -0.004008   -0.00437  -0.004581  -0.004665  -0.004646  -0.004546   -0.00439  -0.004199   -0.00399  -0.003778  -0.003572  -0.003381  -0.003209  -0.003058  -0.002929  -0.002822  -0.002733  -0.002662  -0.002606  -0.002562  -0.002528  -0.002503  -0.002484   -0.00247  -0.002459  -0.002449   -0.00244   -0.00243  -0.002416  -0.002396
         0   0.001871   0.003639   0.005207   0.006492   0.007433   0.007994    0.00816   0.007944   0.007379   0.006519    0.00543   0.004184   0.002856   0.001517    0.00023  -0.000955  -0.001999  -0.002877  -0.003577  -0.004101  -0.004458  -0.004665  -0.004744  -0.004719  -0.004616  -0.004456  -0.004261  -0.004049  -0.003833  -0.003624  -0.003431  -0.003257  -0.003105  -0.002975  -0.002865  -0.002776  -0.002705  -0.002647  -0.002604   -0.00257  -0.002544  -0.002524   -0.00251  -0.002499   -0.00249  -0.002481   -0.00247  -0.002457  -0.002436
         0   0.001871   0.003638   0.005205   0.006489    0.00743   0.007989   0.008153   0.007935   0.007369   0.006508   0.005419   0.004173   0.002846   0.001508   0.000222   -0.00096  -0.002001  -0.002875  -0.003571   -0.00409  -0.004443  -0.004646  -0.004719  -0.004691  -0.004582  -0.004419   -0.00422  -0.004005  -0.003786  -0.003576  -0.003379  -0.003204   -0.00305  -0.002919  -0.002809  -0.002719  -0.002647   -0.00259  -0.002545  -0.002511  -0.002486  -0.002466  -0.002451   -0.00244   -0.00243  -0.002421  -0.002412  -0.002398  -0.002377
         0   0.001877   0.003648    0.00522    0.00651   0.007456   0.008019   0.008188   0.007974   0.007412   0.006554   0.005468   0.004226   0.002903   0.001569   0.000287   -0.00089  -0.001925  -0.002795  -0.003486  -0.004001  -0.004348  -0.004546  -0.004616  -0.004582   -0.00447  -0.004303  -0.004101  -0.003883  -0.003662  -0.003449  -0.003252  -0.003075   -0.00292  -0.002788  -0.002677  -0.002587  -0.002514  -0.002456  -0.002412  -0.002378  -0.002352  -0.002332  -0.002318  -0.002306  -0.002297  -0.002287  -0.002277  -0.002263  -0.002243
         0   0.001886   0.003669    0.00525   0.006549   0.007504   0.008076   0.008252   0.008046   0.007492   0.006641   0.005562   0.004325   0.003009   0.001681   0.000405  -0.000766  -0.001795   -0.00266  -0.003346  -0.003855  -0.004197   -0.00439  -0.004456  -0.004419  -0.004303  -0.004132  -0.003928  -0.003708  -0.003485   -0.00327  -0.003071  -0.002893  -0.002737  -0.002604  -0.002493  -0.002402  -0.002329  -0.002271  -0.002226  -0.002191  -0.002166  -0.002146  -0.002131   -0.00212  -0.002111  -0.002101  -0.002091  -0.002078  -0.002057
         0   0.001899   0.003694   0.005288     0.0066   0.007566   0.008149   0.008337   0.008141   0.007596   0.006755   0.005684   0.004456   0.003147   0.001826   0.000558  -0.000607   -0.00163  -0.002488  -0.003169  -0.003673  -0.004011  -0.004199  -0.004261   -0.00422  -0.004101  -0.003928  -0.003721  -0.003499  -0.003274  -0.003058  -0.002858  -0.002679  -0.002522  -0.002389  -0.002277  -0.002185  -0.002112  -0.002054  -0.002009  -0.001975  -0.001948  -0.001928  -0.001913  -0.001902  -0.001893  -0.001884  -0.001873   -0.00186  -0.001839
         0   0.001914   0.003723   0.005332   0.006657   0.007637   0.008234   0.008433   0.008249   0.007715   0.006884   0.005823   0.004604   0.003303    0.00199    0.00073  -0.000429  -0.001446  -0.002298  -0.002974  -0.003472  -0.003805   -0.00399  -0.004049  -0.004005  -0.003883  -0.003708  -0.003499  -0.003274  -0.003047  -0.002831   -0.00263  -0.002449  -0.002293  -0.002158  -0.002046  -0.001954  -0.001881  -0.001823  -0.001778  -0.001743  -0.001717  -0.001697  -0.001682   -0.00167  -0.001661  -0.001652  -0.001641  -0.001628  -0.001607
         0   0.001929   0.003754   0.005377   0.006717   0.007712   0.008321   0.008534   0.008361   0.007839   0.007018   0.005967   0.004757   0.003466   0.002161   0.000907  -0.000245  -0.001256  -0.002103  -0.002773  -0.003268  -0.003597  -0.003778  -0.003833  -0.003786  -0.003662  -0.003485  -0.003274  -0.003047   -0.00282  -0.002602  -0.002401   -0.00222  -0.002062  -0.001927  -0.001815  -0.001723   -0.00165  -0.001591  -0.001545  -0.001511  -0.001485  -0.001465   -0.00145  -0.001439  -0.001429   -0.00142   -0.00141  -0.001395  -0.001374
         0   0.001944   0.003784   0.005423   0.006776   0.007784   0.008406   0.008632   0.008472   0.007959    0.00715   0.006109   0.004908   0.003624   0.002327    0.00108   -6.5e-05   -0.00107  -0.001913  -0.002578  -0.003069  -0.003395  -0.003572  -0.003624  -0.003576  -0.003449   -0.00327  -0.003058  -0.002831  -0.002602  -0.002384  -0.002181     -0.002  -0.001841  -0.001707  -0.001594  -0.001501  -0.001428   -0.00137  -0.001324   -0.00129  -0.001263  -0.001243  -0.001228  -0.001216  -0.001207  -0.001198  -0.001188  -0.001174  -0.001153
         0   0.001958   0.003812   0.005464   0.006831   0.007852   0.008487   0.008725   0.008575   0.008075   0.007274   0.006242    0.00505   0.003773   0.002484   0.001243   0.000103  -0.000897  -0.001734  -0.002397  -0.002884  -0.003206  -0.003381  -0.003431  -0.003379  -0.003252  -0.003071  -0.002858   -0.00263  -0.002401  -0.002181  -0.001978  -0.001797  -0.001637  -0.001503   -0.00139  -0.001297  -0.001223  -0.001165   -0.00112  -0.001084  -0.001058  -0.001038  -0.001024  -0.001012  -0.001003  -0.000993  -0.000983  -0.000968  -0.000948
         0   0.001971   0.003838   0.005502   0.006882   0.007915   0.008561   0.008809    0.00867   0.008178   0.007387   0.006363   0.005178   0.003909   0.002625   0.001389   0.000255  -0.000741  -0.001574  -0.002232  -0.002716  -0.003036  -0.003209  -0.003257  -0.003204  -0.003075  -0.002893  -0.002679  -0.002449   -0.00222     -0.002  -0.001797  -0.001614  -0.001456   -0.00132  -0.001208  -0.001114   -0.00104  -0.000982  -0.000937  -0.000901  -0.000876  -0.000855  -0.000841  -0.000829  -0.000819  -0.000811  -0.000799  -0.000786  -0.000765
         0   0.001983   0.003861   0.005537   0.006927    0.00797   0.008627   0.008884   0.008753    0.00827   0.007487   0.006469   0.005292   0.004029    0.00275   0.001519   0.000389  -0.000603  -0.001432  -0.002088  -0.002569  -0.002887  -0.003058  -0.003105   -0.00305   -0.00292  -0.002737  -0.002522  -0.002293  -0.002062  -0.001841  -0.001637  -0.001456  -0.001296  -0.001161  -0.001048  -0.000956  -0.000881  -0.000823  -0.000777  -0.000742  -0.000716  -0.000696   -0.00068  -0.000669   -0.00066   -0.00065   -0.00064  -0.000626  -0.000605
         0   0.001993    0.00388   0.005566   0.006965   0.008017   0.008682   0.008948   0.008826   0.008349   0.007573   0.006562   0.005389    0.00413   0.002856   0.001631   0.000504  -0.000486  -0.001312  -0.001965  -0.002444   -0.00276  -0.002929  -0.002975  -0.002919  -0.002788  -0.002604  -0.002389  -0.002158  -0.001927  -0.001707  -0.001503   -0.00132  -0.001161  -0.001025  -0.000912  -0.000819  -0.000745  -0.000687  -0.000641  -0.000606   -0.00058   -0.00056  -0.000545  -0.000533  -0.000523  -0.000514  -0.000504   -0.00049  -0.000469
         0   0.002001   0.003896    0.00559   0.006998   0.008056    0.00873   0.009002   0.008885   0.008415   0.007645   0.006639   0.005471   0.004217   0.002947   0.001724     0.0006  -0.000387   -0.00121  -0.001862  -0.002339  -0.002653  -0.002822  -0.002865  -0.002809  -0.002677  -0.002493  -0.002277  -0.002046  -0.001815  -0.001594   -0.00139  -0.001208  -0.001048  -0.000912  -0.000799  -0.000706  -0.000632  -0.000573  -0.000528  -0.000492  -0.000467  -0.000447  -0.000432  -0.000419   -0.00041  -0.000401  -0.000391  -0.000376  -0.000355
         0   0.002008    0.00391   0.005609   0.007024    0.00809   0.008768   0.009046   0.008936    0.00847   0.007705   0.006703   0.005539   0.004287   0.003021     0.0018    0.00068  -0.000305  -0.001127  -0.001776  -0.002253  -0.002566  -0.002733  -0.002776  -0.002719  -0.002587  -0.002402  -0.002185  -0.001954  -0.001723  -0.001501  -0.001297  -0.001114  -0.000956  -0.000819  -0.000706  -0.000613  -0.000539  -0.000481  -0.000435    -0.0004  -0.000374  -0.000354  -0.000339  -0.000327  -0.000317  -0.000308  -0.000298  -0.000284  -0.000264
         0   0.002013   0.003921   0.005626   0.007045   0.008117     0.0088   0.009082   0.008975   0.008515   0.007752   0.006754   0.005593   0.004345    0.00308   0.001863   0.000743  -0.000239   -0.00106  -0.001708  -0.002183  -0.002496  -0.002662  -0.002705  -0.002647  -0.002514  -0.002329  -0.002112  -0.001881   -0.00165  -0.001428  -0.001223   -0.00104  -0.000881  -0.000745  -0.000632  -0.000539  -0.000465  -0.000406  -0.000361  -0.000326  -0.000299   -0.00028  -0.000265  -0.000252  -0.000243  -0.000234  -0.000224  -0.000209  -0.000189
         0   0.002017    0.00393   0.005639   0.007063   0.008137   0.008824    0.00911   0.009008    0.00855    0.00779   0.006794   0.005636    0.00439   0.003128   0.001912   0.000794  -0.000187  -0.001007  -0.001654  -0.002129   -0.00244  -0.002606  -0.002647   -0.00259  -0.002456  -0.002271  -0.002054  -0.001823  -0.001591   -0.00137  -0.001165  -0.000982  -0.000823  -0.000687  -0.000573  -0.000481  -0.000406  -0.000347  -0.000302  -0.000267  -0.000241   -0.00022  -0.000205  -0.000194  -0.000184  -0.000175  -0.000165  -0.000151   -0.00013
         0   0.002021   0.003937   0.005649   0.007076   0.008154   0.008844   0.009133   0.009033   0.008577    0.00782   0.006826    0.00567   0.004425   0.003165    0.00195   0.000833  -0.000147  -0.000966  -0.001612  -0.002085  -0.002397  -0.002562  -0.002604  -0.002545  -0.002412  -0.002226  -0.002009  -0.001778  -0.001545  -0.001324   -0.00112  -0.000937  -0.000777  -0.000641  -0.000528  -0.000435  -0.000361  -0.000302  -0.000256  -0.000222  -0.000195  -0.000175   -0.00016  -0.000148  -0.000138   -0.00013  -0.000119  -0.000105   -8.5e-05
         0   0.002024   0.003942   0.005657   0.007087   0.008167   0.008859    0.00915   0.009052   0.008598   0.007842   0.006851   0.005696   0.004453   0.003193   0.001979   0.000863  -0.000116  -0.000934   -0.00158  -0.002053  -0.002363  -0.002528   -0.00257  -0.002511  -0.002378  -0.002191  -0.001975  -0.001743  -0.001511   -0.00129  -0.001084  -0.000901  -0.000742  -0.000606  -0.000492    -0.0004  -0.000326  -0.000267  -0.000222  -0.000186   -0.00016   -0.00014  -0.000125  -0.000114  -0.000104   -9.4e-05   -8.4e-05     -7e-05   -4.9e-05
         0   0.002025   0.003946   0.005663   0.007094   0.008177    0.00887   0.009163   0.009066   0.008614    0.00786   0.006869   0.005715   0.004474   0.003215   0.002001   0.000886   -9.2e-05   -0.00091  -0.001555  -0.002028  -0.002339  -0.002503  -0.002544  -0.002486  -0.002352  -0.002166  -0.001948  -0.001717  -0.001485  -0.001263  -0.001058  -0.000876  -0.000716   -0.00058  -0.000467  -0.000374  -0.000299  -0.000241  -0.000195   -0.00016  -0.000133  -0.000114   -9.9e-05   -8.7e-05   -7.7e-05   -6.8e-05   -5.8e-05   -4.4e-05   -2.3e-05
         0   0.002028   0.003949   0.005667     0.0071   0.008184   0.008879   0.009173   0.009078   0.008627   0.007873   0.006884    0.00573   0.004489   0.003231   0.002019   0.000904   -7.5e-05  -0.000892  -0.001536  -0.002009  -0.002319  -0.002484  -0.002524  -0.002466  -0.002332  -0.002146  -0.001928  -0.001697  -0.001465  -0.001243  -0.001038  -0.000855  -0.000696   -0.00056  -0.000447  -0.000354   -0.00028   -0.00022  -0.000175   -0.00014  -0.000114   -9.4e-05   -7.9e-05   -6.7e-05   -5.8e-05   -4.8e-05   -3.8e-05   -2.4e-05     -3e-06
         0   0.002029   0.003951   0.005671   0.007104   0.008189   0.008885   0.009181   0.009086   0.008636   0.007883   0.006894   0.005741   0.004501   0.003243   0.002031   0.000917   -6.1e-05  -0.000878  -0.001523  -0.001995  -0.002305   -0.00247   -0.00251  -0.002451  -0.002318  -0.002131  -0.001913  -0.001682   -0.00145  -0.001228  -0.001024  -0.000841   -0.00068  -0.000545  -0.000432  -0.000339  -0.000265  -0.000205   -0.00016  -0.000125   -9.9e-05   -7.9e-05   -6.3e-05   -5.2e-05   -4.2e-05   -3.4e-05   -2.2e-05     -9e-06    1.2e-05
         0   0.002029   0.003953   0.005674   0.007108   0.008194   0.008891   0.009186   0.009092   0.008643   0.007891   0.006902    0.00575    0.00451   0.003253   0.002041   0.000927   -5.1e-05  -0.000868  -0.001512  -0.001984  -0.002294  -0.002459  -0.002499   -0.00244  -0.002306   -0.00212  -0.001902   -0.00167  -0.001439  -0.001216  -0.001012  -0.000829  -0.000669  -0.000533  -0.000419  -0.000327  -0.000252  -0.000194  -0.000148  -0.000114   -8.7e-05   -6.7e-05   -5.2e-05   -4.1e-05   -3.1e-05   -2.1e-05   -1.1e-05      3e-06    2.4e-05
         0    0.00203   0.003954   0.005676   0.007112   0.008197   0.008894   0.009191   0.009098   0.008649   0.007898   0.006909   0.005757   0.004518    0.00326    0.00205   0.000936   -4.2e-05  -0.000858  -0.001503  -0.001976  -0.002285  -0.002449   -0.00249   -0.00243  -0.002297  -0.002111  -0.001893  -0.001661  -0.001429  -0.001207  -0.001003  -0.000819   -0.00066  -0.000523   -0.00041  -0.000317  -0.000243  -0.000184  -0.000138  -0.000104   -7.7e-05   -5.8e-05   -4.2e-05   -3.1e-05   -2.1e-05   -1.2e-05     -1e-06    1.2e-05    3.3e-05
         0   0.002031   0.003956   0.005678   0.007114   0.008201   0.008899   0.009196   0.009103   0.008655   0.007904   0.006916   0.005764   0.004525   0.003268   0.002057   0.000944   -3.4e-05  -0.000851  -0.001494  -0.001966  -0.002276   -0.00244  -0.002481  -0.002421  -0.002287  -0.002101  -0.001884  -0.001652   -0.00142  -0.001198  -0.000993  -0.000811   -0.00065  -0.000514  -0.000401  -0.000308  -0.000234  -0.000175   -0.00013   -9.4e-05   -6.8e-05   -4.8e-05   -3.4e-05   -2.1e-05   -1.2e-05     -3e-06      8e-06    2.2e-05    4.2e-05
         0   0.002031   0.003957   0.005681   0.007117   0.008204   0.008903   0.009201   0.009109   0.008661   0.007911   0.006924   0.005773   0.004534   0.003277   0.002066   0.000953   -2.4e-05   -0.00084  -0.001485  -0.001957  -0.002266   -0.00243   -0.00247  -0.002412  -0.002277  -0.002091  -0.001873  -0.001641   -0.00141  -0.001188  -0.000983  -0.000799   -0.00064  -0.000504  -0.000391  -0.000298  -0.000224  -0.000165  -0.000119   -8.4e-05   -5.8e-05   -3.8e-05   -2.2e-05   -1.1e-05     -1e-06      8e-06    1.8e-05    3.2e-05    5.3e-05
         0   0.002033    0.00396   0.005684   0.007121    0.00821    0.00891   0.009209   0.009117    0.00867    0.00792   0.006934   0.005784   0.004545   0.003289   0.002078   0.000965   -1.2e-05  -0.000828  -0.001471  -0.001943  -0.002252  -0.002416  -0.002457  -0.002398  -0.002263  -0.002078   -0.00186  -0.001628  -0.001395  -0.001174  -0.000968  -0.000786  -0.000626   -0.00049  -0.000376  -0.000284  -0.000209  -0.000151  -0.000105     -7e-05   -4.4e-05   -2.4e-05     -9e-06      3e-06    1.2e-05    2.2e-05    3.2e-05    4.6e-05    6.7e-05
         0   0.002034   0.003963   0.005689   0.007128   0.008218    0.00892   0.009219   0.009129   0.008683   0.007935   0.006949     0.0058   0.004562   0.003307   0.002097   0.000984      8e-06  -0.000808  -0.001452  -0.001923  -0.002232  -0.002396  -0.002436  -0.002377  -0.002243  -0.002057  -0.001839  -0.001607  -0.001374  -0.001153  -0.000948  -0.000765  -0.000605  -0.000469  -0.000355  -0.000264  -0.000189   -0.00013   -8.5e-05   -4.9e-05   -2.3e-05     -3e-06    1.2e-05    2.4e-05    3.3e-05    4.2e-05    5.3e-05    6.7e-05    8.8e-05