         0          0          0          0          0          0          0          0          0          0          0          0          0          0          0          0          0          0          0          0          0          0          0          0          0          0          0          0          0          0          0          0          0          0          0          0          0          0          0          0          0          0          0          0          0          0          0          0          0          0
         0    2.7e-05    5.3e-05      8e-05   0.000106   0.000131   0.000156   0.000181   0.000205    0.00023   0.000254   0.000278   0.000302   0.000328   0.000355   0.000384   0.000416   0.000452   0.000493   0.000543   0.000601   0.000671   0.000754   0.000855   0.000978   0.001127   0.001306   0.001524   0.001787   0.002103   0.002483    0.00294   0.003485   0.004135   0.004908   0.005825   0.006909   0.008188   0.009694   0.011459   0.013526   0.015937   0.018745   0.022004   0.025777   0.030137   0.035157   0.040927   0.047537   0.055094
         0    5.3e-05   0.000106   0.000158   0.000211   0.000262   0.000313   0.000362    0.00041   0.000458   0.000506   0.000554   0.000603   0.000654   0.000707   0.000766    0.00083   0.000902   0.000986   0.001083     0.0012   0.001339   0.001506   0.001708   0.001954    0.00225   0.002609   0.003044   0.003568   0.004201    0.00496    0.00587   0.006959   0.008257   0.009802   0.011634     0.0138   0.016355   0.019361   0.022887   0.027015   0.031833   0.037439   0.043949   0.051488   0.060194   0.070223   0.081745    0.09495   0.110043
         0      8e-05   0.000158   0.000237   0.000315   0.000392   0.000467   0.000541   0.000613   0.000685   0.000756   0.000828   0.000901   0.000978   0.001058   0.001144   0.001241   0.001349   0.001474    0.00162   0.001795   0.002003   0.002253   0.002555   0.002922   0.003365   0.003904   0.004553   0.005339   0.006284   0.007421   0.008785   0.010414   0.012358   0.014669    0.01741   0.020652   0.024477   0.028977   0.034256   0.040433   0.047644   0.056036    0.06578   0.077063   0.090094   0.105105   0.122351   0.142115   0.164706
         0   0.000106   0.000211   0.000315   0.000418   0.000519   0.000619   0.000717   0.000814   0.000909   0.001004   0.001099   0.001196   0.001297   0.001404   0.001519   0.001647    0.00179   0.001957   0.002151   0.002383   0.002659   0.002992   0.003394   0.003881   0.004471   0.005186    0.00605   0.007094   0.008352   0.009863   0.011675   0.013841   0.016424   0.019497   0.023141   0.027451   0.032535   0.038516   0.045534   0.053745    0.06333   0.074487   0.087439   0.102438    0.11976   0.139714   0.162639   0.188912   0.218942
         0   0.000131   0.000262   0.000392   0.000519   0.000645    0.00077   0.000892   0.001011   0.001129   0.001247   0.001366   0.001486   0.001611   0.001745   0.001888   0.002046   0.002227   0.002434   0.002676   0.002963   0.003308   0.003722   0.004222   0.004828   0.005563   0.006454    0.00753   0.008829   0.010395   0.012277   0.014532    0.01723   0.020447   0.024273    0.02881   0.034176   0.040507   0.047955   0.056692   0.066918   0.078852   0.092744   0.108872   0.127548   0.149116   0.173962   0.202509   0.235222   0.272614
         0   0.000156   0.000313   0.000467   0.000619    0.00077   0.000917   0.001062   0.001205   0.001346   0.001487   0.001629   0.001772   0.001922   0.002079   0.002252    0.00244   0.002655   0.002902   0.003192   0.003535   0.003946   0.004441   0.005039   0.005763   0.006641   0.007703   0.008988   0.010541   0.012411   0.014658   0.017353   0.020575   0.024417   0.028986   0.034405   0.040814   0.048375    0.05727   0.067707   0.079919   0.094173   0.110764   0.130026   0.152332   0.178092   0.207767   0.241861   0.280932   0.325591
         0   0.000181   0.000362   0.000541   0.000717   0.000892   0.001062    0.00123   0.001397    0.00156   0.001722   0.001886   0.002053   0.002227   0.002409   0.002609   0.002828   0.003077   0.003363     0.0037   0.004098   0.004575   0.005148   0.005842   0.006682     0.0077   0.008933   0.010425   0.012226   0.014396   0.017004    0.02013   0.023868   0.028325   0.033627   0.039914    0.04735   0.056123   0.066443   0.078551    0.09272   0.109257   0.128506   0.150855   0.176733    0.20662   0.241048   0.280605   0.325934   0.377748
         0   0.000205    0.00041   0.000613   0.000814   0.001011   0.001205   0.001397   0.001584    0.00177   0.001955   0.002141    0.00233   0.002526   0.002735    0.00296    0.00321   0.003492   0.003818   0.004199   0.004651   0.005193   0.005845   0.006633   0.007587   0.008744   0.010144   0.011838   0.013883   0.016348   0.019309   0.022859   0.027105   0.032166   0.038187   0.045326   0.053771   0.063732   0.075452   0.089202   0.105292   0.124072   0.145931   0.171309   0.200696   0.234636   0.273732   0.318652   0.370128   0.428966
         0    0.00023   0.000458   0.000685   0.000909   0.001129   0.001346    0.00156    0.00177   0.001977   0.002184   0.002392   0.002603   0.002823   0.003056   0.003308   0.003587   0.003903   0.004266   0.004693   0.005198   0.005804   0.006531   0.007412   0.008478    0.00977   0.011334   0.013227   0.015512   0.018265   0.021573   0.025538   0.030281   0.035935   0.042659   0.050633   0.060066   0.071193   0.084283   0.099642   0.117613   0.138588   0.163004   0.191351   0.224174   0.262082    0.30575   0.355922   0.413418   0.479136
         0   0.000254   0.000506   0.000756   0.001004   0.001247   0.001487   0.001722   0.001955   0.002184   0.002413   0.002642   0.002876   0.003118   0.003376   0.003654   0.003961    0.00431   0.004712   0.005183   0.005741   0.006408   0.007211   0.008182   0.009358   0.010783   0.012508   0.014594   0.017114   0.020148   0.023795   0.028167   0.033393   0.039627   0.047039    0.05583   0.066228   0.078493   0.092922    0.10985   0.129661   0.152781   0.179695    0.21094    0.24712   0.288905   0.337039   0.392342   0.455718   0.528156
         0   0.000278   0.000554   0.000828   0.001099   0.001366   0.001629   0.001886   0.002141   0.002392   0.002642   0.002893   0.003149   0.003415   0.003697   0.004001   0.004338   0.004719   0.005158   0.005672   0.006281    0.00701   0.007888   0.008947   0.010231   0.011785   0.013667   0.015943   0.018691      0.022   0.025978   0.030745   0.036446   0.043243   0.051326   0.060912    0.07225   0.085625   0.101358   0.119818    0.14142   0.166631   0.195977   0.230045   0.269497   0.315059   0.367545   0.427847   0.496951   0.575938
         0   0.000302   0.000603   0.000901   0.001196   0.001486   0.001772   0.002053    0.00233   0.002603   0.002876   0.003149   0.003428   0.003717   0.004024   0.004354   0.004721   0.005134   0.005611   0.006168   0.006828   0.007618   0.008567   0.009714   0.011102   0.012782   0.014818   0.017279   0.020248   0.023826   0.028125   0.033278   0.039438   0.046785    0.05552   0.065879   0.078131   0.092583   0.109585   0.129533   0.152875   0.180118   0.211828   0.248643   0.291271   0.340505   0.397219    0.46238   0.537051   0.622401
         0   0.000328   0.000654   0.000978   0.001297   0.001611   0.001922   0.002227   0.002526   0.002823   0.003118   0.003415   0.003717    0.00403   0.004362    0.00472   0.005115   0.005562   0.006076   0.006676   0.007386   0.008235   0.009256   0.010488   0.011978   0.013783   0.015967   0.018608   0.021794   0.025632   0.030244   0.035771   0.042378   0.050256   0.059624   0.070733   0.083872    0.09937   0.117601   0.138991   0.164021   0.193233   0.227235    0.26671    0.31242   0.365212   0.426024   0.495892   0.575961   0.667477
         0   0.000355   0.000707   0.001058   0.001404   0.001745   0.002079   0.002409   0.002735   0.003056   0.003376   0.003697   0.004024   0.004362    0.00472   0.005106   0.005531   0.006012   0.006562   0.007206   0.007967   0.008875   0.009965   0.011281   0.012872   0.014797   0.017127   0.019942    0.02334    0.02743   0.032344   0.038234   0.045274   0.053667   0.063646   0.075481   0.089478   0.105987   0.125407   0.148192   0.174853   0.205968   0.242187   0.284235   0.332924   0.389155    0.45393   0.528351   0.613634   0.711114
         0   0.000384   0.000766   0.001144   0.001519   0.001888   0.002252   0.002609    0.00296   0.003308   0.003654   0.004001   0.004354    0.00472   0.005106    0.00552   0.005978   0.006493   0.007083    0.00777   0.008581   0.009548   0.010708   0.012106   0.013796   0.015839   0.018311   0.021296   0.024897   0.029233    0.03444    0.04068   0.048137   0.057029   0.067599   0.080134   0.094958   0.112442    0.13301    0.15714   0.185375   0.218328   0.256683   0.301212   0.352773   0.412321   0.480915   0.559726   0.650041   0.753269
         0   0.000416    0.00083   0.001241   0.001647   0.002046    0.00244   0.002828    0.00321   0.003587   0.003961   0.004338   0.004721   0.005115   0.005531   0.005978   0.006469    0.00702   0.007649   0.008382   0.009244    0.01027     0.0115    0.01298   0.014766   0.016925   0.019535   0.022686   0.026485   0.031057   0.036548   0.043126   0.050987   0.060359   0.071498   0.084708   0.100329   0.118752   0.140423   0.165849   0.195598   0.230316   0.270727   0.317642   0.371966   0.434704   0.506974   0.590006   0.685158   0.793915
         0   0.000452   0.000902   0.001349    0.00179   0.002227   0.002655   0.003077   0.003492   0.003903    0.00431   0.004719   0.005134   0.005562   0.006012   0.006493    0.00702    0.00761   0.008282   0.009061   0.009976   0.011061    0.01236   0.013922   0.015804   0.018077   0.020821   0.024133   0.028124   0.032925    0.03869   0.045595   0.053845   0.063678   0.075366   0.089223   0.105609   0.124935   0.147666   0.174333   0.205536    0.24195   0.284333   0.333538   0.390512   0.456311   0.532106   0.619187   0.718979    0.83304
         0   0.000493   0.000986   0.001474   0.001957   0.002434   0.002902   0.003363   0.003818   0.004266   0.004712   0.005158   0.005611   0.006076   0.006562   0.007083   0.007649   0.008282   0.008999   0.009828   0.010797   0.011945   0.013315   0.014957   0.016935   0.019319   0.022196   0.025665   0.029843   0.034867   0.040896   0.048115   0.056738   0.067015   0.079229   0.093708   0.110828   0.131017   0.154764   0.182621   0.215215   0.253251   0.297524   0.348919   0.408429   0.477157   0.556323    0.64728   0.751512   0.870647
         0   0.000543   0.001083    0.00162   0.002151   0.002676   0.003192     0.0037   0.004199   0.004693   0.005183   0.005672   0.006168   0.006676   0.007206    0.00777   0.008382   0.009061   0.009828   0.010709   0.011736   0.012949    0.01439   0.016116   0.018189   0.020684   0.023692   0.027314   0.031673   0.036913   0.043197   0.050719   0.059702   0.070404   0.083122   0.098196   0.116019   0.137035   0.161751   0.190746   0.224668   0.264254   0.310328   0.363815   0.425747   0.497269   0.579656    0.67431   0.782779   0.906757
         0   0.000601     0.0012   0.001795   0.002383   0.002963   0.003535   0.004098   0.004651   0.005198   0.005741   0.006281   0.006828   0.007386   0.007967   0.008581   0.009244   0.009976   0.010797   0.011736   0.012826   0.014106   0.015623   0.017434   0.019603   0.022211   0.025346   0.029119   0.033656   0.039104   0.045636    0.05345   0.062779   0.073889   0.087089   0.102732   0.121225   0.143029   0.168671   0.198749   0.233939   0.275001   0.322792    0.37827   0.442507   0.516691   0.602142   0.700317   0.812819   0.941405
         0   0.000671   0.001339   0.002003   0.002659   0.003308   0.003946   0.004575   0.005193   0.005804   0.006408    0.00701   0.007618   0.008235   0.008875   0.009548    0.01027   0.011061   0.011945   0.012949   0.014106   0.015459   0.017056   0.018955   0.021223   0.023942   0.027207   0.031129    0.03584   0.041492   0.048262   0.056357   0.066018   0.077519   0.091181   0.107369   0.126501   0.149056   0.175579   0.206687   0.243081   0.285546   0.334969    0.39234   0.458765   0.535477   0.623837   0.725354   0.841686   0.974648
         0   0.000754   0.001506   0.002253   0.002992   0.003722   0.004441   0.005148   0.005845   0.006531   0.007211   0.007888   0.008567   0.009256   0.009965   0.010708     0.0115    0.01236   0.013315    0.01439   0.015623   0.017056   0.018738    0.02073   0.023101   0.025934   0.029329   0.033399   0.038282   0.044132   0.051135   0.059503   0.069482   0.081359   0.095461   0.112168   0.131908   0.155178   0.182538   0.214626   0.252161   0.295957   0.346926    0.40609   0.474591   0.553697   0.644814   0.749496   0.869453    1.00656
         0   0.000855   0.001708   0.002555   0.003394   0.004222   0.005039   0.005842   0.006633   0.007412   0.008182   0.008947   0.009714   0.010488   0.011281   0.012106    0.01298   0.013922   0.014957   0.016116   0.017434   0.018955    0.02073    0.02282   0.025299    0.02825   0.031778   0.035998   0.041051   0.047096   0.054326   0.062957   0.073244   0.085481   0.100006   0.117206   0.137526   0.161475   0.189629   0.222644   0.261261   0.306316   0.358747   0.419608   0.490068   0.571437   0.665159   0.772832   0.896214   1.037236
         0   0.000978   0.001954   0.002922   0.003881   0.004828   0.005763   0.006682   0.007587   0.008478   0.009358   0.010231   0.011102   0.011978   0.012872   0.013796   0.014766   0.015804   0.016935   0.018189   0.019603   0.021223   0.023101   0.025299   0.027891   0.030968   0.034632   0.039004   0.044226   0.050467   0.057918   0.066806   0.077391   0.089974   0.104901   0.122573   0.143445   0.168038   0.196945   0.230837   0.270477   0.316721   0.370533   0.432993   0.505303   0.588805   0.684981   0.795473   0.922083   1.066793
         0   0.001127    0.00225   0.003365   0.004471   0.005563   0.006641     0.0077   0.008744    0.00977   0.010783   0.011785   0.012782   0.013783   0.014797   0.015839   0.016925   0.018077   0.019319   0.020684   0.022211   0.023942   0.025934    0.02825   0.030968   0.034177   0.037983   0.042511   0.047907   0.054341   0.062012   0.071151   0.082024   0.094941   0.110256   0.128378   0.149774   0.174978   0.204596   0.239319   0.279924   0.327289   0.382402   0.446367   0.520418   0.605926   0.704411   0.817552   0.947197   1.095372
         0   0.001306   0.002609   0.003904   0.005186   0.006454   0.007703   0.008933   0.010144   0.011334   0.012508   0.013667   0.014818   0.015967   0.017127   0.018311   0.019535   0.020821   0.022196   0.023692   0.025346   0.027207   0.029329   0.031778   0.034632   0.037983    0.04194    0.04663   0.052204   0.058834   0.066724   0.076111   0.087265   0.100505   0.116193   0.134746   0.156642   0.182424   0.212717   0.248222   0.289736   0.338158   0.394494   0.459874   0.535558    0.62295     0.7236   0.839226   0.971716    1.12314
         0   0.001524   0.003044   0.004553    0.00605    0.00753   0.008988   0.010425   0.011838   0.013227   0.014594   0.015943   0.017279   0.018608   0.019942   0.021296   0.022686   0.024133   0.025665   0.027314   0.029119   0.031129   0.033399   0.035998   0.039004   0.042511    0.04663   0.051493   0.057251   0.064082   0.072193   0.081824   0.093257   0.106812   0.122859   0.141825   0.164196    0.19053    0.22146   0.257705   0.300076   0.349489   0.406973    0.47368   0.550895    0.64005   0.742728    0.86068    0.99583   1.150294
         0   0.001787   0.003568   0.005339   0.007094   0.008829   0.010541   0.012226   0.013883   0.015512   0.017114   0.018691   0.020248   0.021794    0.02334   0.024897   0.026485   0.028124   0.029843   0.031673   0.033656    0.03584   0.038282   0.041051   0.044226   0.047907   0.052204   0.057251   0.063203   0.070241   0.078577   0.088457   0.100164   0.114027   0.130423   0.149787   0.172614   0.199473   0.231007   0.267949   0.311126   0.361471   0.420031   0.487981    0.56663   0.657432   0.762003   0.882125    1.01976   1.177058
         0   0.002103   0.004201   0.006284   0.008352   0.010395   0.012411   0.014396   0.016348   0.018265   0.020148      0.022   0.023826   0.025632    0.02743   0.029233   0.031057   0.032925   0.034867   0.036913   0.039104   0.041492   0.044132   0.047096   0.050467   0.054341   0.058834   0.064082   0.070241   0.077498   0.086067   0.096199   0.108181   0.122349   0.139086   0.158835   0.182101   0.209458   0.241566   0.279167   0.323104   0.374323   0.433893   0.503004    0.58299   0.675331   0.781667   0.903811   1.043759   1.203697
         0   0.002483    0.00496   0.007421   0.009863   0.012277   0.014658   0.017004   0.019309   0.021573   0.023795   0.025978   0.028125   0.030244   0.032344    0.03444   0.036548    0.03869   0.040896   0.043197   0.045636   0.048262   0.051135   0.054326   0.057918   0.062012   0.066724   0.072193   0.078577   0.086067    0.09488   0.105271   0.117534   0.132006    0.14908   0.169204   0.192892    0.22073   0.253382   0.291608   0.336259     0.3883   0.448814   0.519011   0.600245   0.694018   0.801997   0.926021   1.068117   1.230506
         0    0.00294    0.00587   0.008785   0.011675   0.014532   0.017353    0.02013   0.022859   0.025538   0.028167   0.030745   0.033278   0.035771   0.038234    0.04068   0.043126   0.045595   0.048115   0.050719    0.05345   0.056357   0.059503   0.062957   0.066806   0.071151   0.076111   0.081824   0.088457   0.096199   0.105271   0.115933   0.128482   0.143264   0.160673   0.181167   0.205266   0.233565   0.266739   0.305556   0.350883   0.403697   0.465094   0.536306   0.618702   0.713807   0.823312   0.949081   1.093171    1.25783
         0   0.003485   0.006959   0.010414   0.013841    0.01723   0.020575   0.023868   0.027105   0.030281   0.033393   0.036446   0.039438   0.042378   0.045274   0.048137   0.050987   0.053845   0.056738   0.059702   0.062779   0.066018   0.069482   0.073244   0.077391   0.082024   0.087265   0.093257   0.100164   0.108181   0.117534   0.128482    0.14133   0.156428   0.174176   0.195038    0.21954   0.248286   0.281961   0.321343   0.367309   0.420849   0.483076   0.555234   0.638713   0.735056   0.845976   0.973363   1.119296   1.286056
         0   0.004135   0.008257   0.012358   0.016424   0.020447   0.024417   0.028325   0.032166   0.035935   0.039627   0.043243   0.046785   0.050256   0.053667   0.057029   0.060359   0.063678   0.067015   0.070404   0.073889   0.077519   0.081359   0.085481   0.089974   0.094941   0.100505   0.106812   0.114027   0.122349   0.132006   0.143264   0.156428   0.171853   0.189948   0.211179   0.236081   0.265266   0.299426   0.339347    0.38592   0.440147   0.503152   0.576196   0.660684   0.758177    0.87041   0.999292    1.14693   1.315628
         0   0.004908   0.009802   0.014669   0.019497   0.024273   0.028986   0.033627   0.038187   0.042659   0.047039   0.051326    0.05552   0.059624   0.063646   0.067599   0.071498   0.075366   0.079229   0.083122   0.087089   0.091181   0.095461   0.100006   0.104901   0.110256   0.116193   0.122859   0.130423   0.139086    0.14908   0.160673   0.174176   0.189948   0.208401   0.230009   0.255313    0.28493   0.319562   0.360006   0.407159   0.462036   0.525774   0.599647   0.685075   0.783638   0.897085    1.02735    1.17656   1.347046
         0   0.005825   0.011634    0.01741   0.023141    0.02881   0.034405   0.039914   0.045326   0.050633    0.05583   0.060912   0.065879   0.070733   0.075481   0.080134   0.084708   0.089223   0.093708   0.098196   0.102732   0.107369   0.112168   0.117206   0.122573   0.128378   0.134746   0.141825   0.149787   0.158835   0.169204   0.181167   0.195038   0.211179   0.230009   0.252006   0.277718   0.307768   0.342866   0.383818    0.43153   0.487027   0.551457   0.626108   0.712414   0.811971   0.926545   1.058087   1.208747   1.380877
         0   0.006909     0.0138   0.020652   0.027451   0.034176   0.040814    0.04735   0.053771   0.060066   0.066228    0.07225   0.078131   0.083872   0.089478   0.094958   0.100329   0.105609   0.110828   0.116019   0.121225   0.126501   0.131908   0.137526   0.143445   0.149774   0.156642   0.164196   0.172614   0.182101   0.192892   0.205266    0.21954   0.236081   0.255313   0.277718    0.30385    0.33434   0.369903   0.411354   0.459608   0.515699   0.580788   0.656172     0.7433   0.843782   0.959399   1.092124   1.244119    1.41776
         0   0.008188   0.016355   0.024477   0.032535   0.040507   0.048375   0.056123   0.063732   0.071193   0.078493   0.085625   0.092583    0.09937   0.105987   0.112442   0.118752   0.124935   0.131017   0.137035   0.143029   0.149056   0.155178   0.161475   0.168038   0.174978   0.182424    0.19053   0.199473   0.209458    0.22073   0.233565   0.248286   0.265266    0.28493   0.307768    0.33434    0.36528   0.401314   0.443261   0.492046   0.548714   0.614433   0.690512   0.778414   0.879759   0.996346   1.130162   1.283387   1.458417
         0   0.009694   0.019361   0.028977   0.038516   0.047955    0.05727   0.066443   0.075452   0.084283   0.092922   0.101358   0.109585   0.117601   0.125407    0.13301   0.140423   0.147666   0.154764   0.161751   0.168671   0.175579   0.182538   0.189629   0.196945   0.204596   0.212717    0.22146   0.231007   0.241566   0.253382   0.266739   0.281961   0.299426   0.319562   0.342866   0.369903   0.401314    0.43783   0.480277    0.52959    0.58682   0.653148   0.729891   0.818522   0.920677   1.038167   1.172993   1.327354    1.50366
         0   0.011459   0.022887   0.034256   0.045534   0.056692   0.067707   0.078551   0.089202   0.099642    0.10985   0.119818   0.129533   0.138991   0.148192    0.15714   0.165849   0.174333   0.182621   0.190746   0.198749   0.206687   0.214626   0.222644   0.230837   0.239319   0.248222   0.257705   0.267949   0.279167   0.291608   0.305556   0.321343   0.339347   0.360006   0.383818   0.411354   0.443261   0.480277   0.523236   0.573079   0.630867   0.697787   0.775168   0.864495   0.967413   1.085747   1.221511   1.376919   1.554397
         0   0.013526   0.027015   0.040433   0.053745   0.066918   0.079919    0.09272   0.105292   0.117613   0.129661    0.14142   0.152875   0.164021   0.174853   0.185375   0.195598   0.205536   0.215215   0.224668   0.233939   0.243081   0.252161   0.261261   0.270477   0.279924   0.289736   0.300076   0.311126   0.323104   0.336259   0.350883   0.367309    0.38592   0.407159    0.43153   0.459608   0.492046    0.52959   0.573079   0.623463   0.681809   0.749314   0.827316    0.91731   1.020952   1.140079   1.276718   1.433094   1.611653
         0   0.015937   0.031833   0.047644    0.06333   0.078852   0.094173   0.109257   0.124072   0.138588   0.152781   0.166631   0.180118   0.193233   0.205968   0.218328   0.230316    0.24195   0.253251   0.264254   0.275001   0.285546   0.295957   0.306316   0.316721   0.327289   0.338158   0.349489   0.361471   0.374323     0.3883   0.403697   0.420849   0.440147   0.462036   0.487027   0.515699   0.548714    0.58682   0.630867   0.681809   0.740722   0.808811   0.887425   0.978065   1.082401   1.202277   1.339734   1.497011   1.676567
         0   0.018745   0.037439   0.056036   0.074487   0.092744   0.110764   0.128506   0.145931   0.163004   0.179695   0.195977   0.211828   0.227235   0.242187   0.256683   0.270727   0.284333   0.297524   0.310328   0.322792   0.334969   0.346926   0.358747   0.370533   0.382402   0.394494   0.406973   0.420031   0.433893   0.448814   0.465094   0.483076   0.503152   0.525774   0.551457   0.580788   0.614433   0.653148   0.697787   0.749314   0.808811   0.877493   0.956715   1.047991   1.152995   1.273587   1.411816   1.569936   1.750413
         0   0.022004   0.043949    0.06578   0.087439   0.108872   0.130026   0.150855   0.171309   0.191351    0.21094   0.230045   0.248643    0.26671   0.284235   0.301212   0.317642   0.333538   0.348919   0.363815    0.37827    0.39234    0.40609   0.419608   0.432993   0.446367   0.459874    0.47368   0.487981   0.503004   0.519011   0.536306   0.555234   0.576196   0.599647   0.626108   0.656172   0.690512   0.729891   0.775168   0.827316   0.887425   0.956715   1.036554   1.128458   1.234118     1.3554   1.494363   1.653272   1.834609
         0   0.025777   0.051488   0.077063   0.102438   0.127548   0.152332   0.176733   0.200696   0.224174    0.24712   0.269497   0.291271    0.31242   0.332924   0.352773   0.371966   0.390512   0.408429   0.425747   0.442507   0.458765   0.474591   0.490068   0.505303   0.520418   0.535558   0.550895    0.56663    0.58299   0.600245   0.618702   0.638713   0.660684   0.685075   0.712414     0.7433   0.778414   0.818522   0.864495    0.91731   0.978065   1.047991   1.128458   1.220998   1.327306   1.449259   1.588929   1.748587   1.930728
         0   0.030137   0.060194   0.090094    0.11976   0.149116   0.178092    0.20662   0.234636   0.262082   0.288905   0.315059   0.340505   0.365212   0.389155   0.412321   0.434704   0.456311   0.477157   0.497269   0.516691   0.535477   0.553697   0.571437   0.588805   0.605926    0.62295    0.64005   0.657432   0.675331   0.694018   0.713807   0.735056   0.758177   0.783638   0.811971   0.843782   0.879759   0.920677   0.967413   1.020952   1.082401   1.152995   1.234118   1.327306   1.434266   1.556883   1.697237   1.857613   2.040512
         0   0.035157   0.070223   0.105105   0.139714   0.173962   0.207767   0.241048   0.273732    0.30575   0.337039   0.367545   0.397219   0.426024    0.45393   0.480915   0.506974   0.532106   0.556323   0.579656   0.602142   0.623837   0.644814   0.665159   0.684981   0.704411     0.7236   0.742728   0.762003   0.781667   0.801997   0.823312   0.845976    0.87041   0.897085   0.926545   0.959399   0.996346   1.038167   1.085747   1.140079   1.202277   1.273587     1.3554   1.449259   1.556883   1.680164   1.821192   1.982262   2.165886
         0   0.040927   0.081745   0.122351   0.162639   0.202509   0.241861   0.280605   0.318652   0.355922   0.392342   0.427847    0.46238   0.495892   0.528351   0.559726   0.590006   0.619187    0.64728    0.67431   0.700317   0.725354   0.749496   0.772832   0.795473   0.817552   0.839226    0.86068   0.882125   0.903811   0.926021   0.949081   0.973363   0.999292    1.02735   1.058087   1.092124   1.130162   1.172993   1.221511   1.276718   1.339734   1.411816   1.494363   1.588929   1.697237   1.821192   1.962894   2.124644   2.308966
         0   0.047537    0.09495   0.142115   0.188912   0.235222   0.280932   0.325934   0.370128   0.413418   0.455718   0.496951   0.537051   0.575961   0.613634   0.650041   0.685158   0.718979   0.751512   0.782779   0.812819   0.841686   0.869453   0.896214   0.922083   0.947197   0.971716    0.99583    1.01976   1.043759   1.068117   1.093171   1.119296    1.14693    1.17656   1.208747   1.244119   1.283387   1.327354   1.376919   1.433094   1.497011   1.569936   1.653272   1.748587   1.857613   1.982262   2.124644   2.287071   2.472076
         0   0.055094   0.110043   0.164706   0.218942   0.272614   0.325591   0.377748   0.428966   0.479136   0.528156   0.575938   0.622401   0.667477   0.711114   0.753269   0.793915    0.83304   0.870647   0.906757   0.941405   0.974648    1.00656   1.037236   1.066793   1.095372    1.12314   1.150294   1.177058   1.203697   1.230506    1.25783   1.286056   1.315628   1.347046   1.380877    1.41776   1.458417    1.50366   1.554397   1.611653   1.676567   1.750413   1.834609   1.930728   2.040512   2.165886   2.308966   2.472076   2.657756