         0          0          0          0          0          0          0          0          0          0          0          0          0          0          0          0          0          0          0          0          0          0          0          0          0          0          0          0          0          0          0          0          0          0          0          0          0          0          0          0          0          0          0          0          0          0          0          0          0          0
         0   0.000172    0.00034     0.0005   0.000652    0.00079   0.000913    0.00102    0.00111   0.001181   0.001234   0.001271   0.001293   0.001301   0.001298   0.001285   0.001264   0.001239   0.001211   0.001181   0.001152   0.001123   0.001099   0.001076   0.001058   0.001043   0.001033   0.001026   0.001022    0.00102   0.001022   0.001025   0.001031   0.001036   0.001043    0.00105   0.001057   0.001065   0.001072   0.001079   0.001088   0.001096   0.001106   0.001118   0.001134   0.001155   0.001184   0.001224    0.00128   0.001359
         0    0.00034   0.000673   0.000992    0.00129   0.001563   0.001807   0.002018   0.002193   0.002334   0.002439   0.002512   0.002554   0.002569   0.002561   0.002535   0.002493   0.002442   0.002384   0.002325   0.002265   0.002209   0.002159   0.002115   0.002077   0.002048   0.002027   0.002012   0.002005   0.002003   0.002006   0.002013   0.002022   0.002035   0.002048   0.002062   0.002076   0.002091   0.002106   0.002122   0.002137   0.002154   0.002174   0.002198    0.00223   0.002272   0.002329   0.002409   0.002522   0.002679
         0     0.0005   0.000992   0.001462   0.001902   0.002303   0.002662   0.002971   0.003228   0.003434   0.003588   0.003692   0.003752   0.003771   0.003756   0.003715   0.003651   0.003573   0.003486   0.003396   0.003306   0.003222   0.003146   0.003079   0.003024    0.00298   0.002947   0.002926   0.002914   0.002912   0.002916   0.002926   0.002941   0.002959   0.002979      0.003   0.003022   0.003044   0.003066   0.003089   0.003112   0.003137   0.003167   0.003203    0.00325   0.003312   0.003399   0.003517   0.003685    0.00392
         0   0.000652    0.00129   0.001902   0.002473   0.002996    0.00346   0.003861   0.004193   0.004457   0.004653   0.004784   0.004858   0.004878   0.004854   0.004795   0.004708   0.004601   0.004484   0.004362   0.004242   0.004129   0.004027   0.003938   0.003864   0.003806   0.003762   0.003734   0.003718   0.003714    0.00372   0.003733   0.003752   0.003776   0.003803   0.003831   0.003859   0.003889   0.003918   0.003948   0.003979   0.004013   0.004052     0.0041   0.004162   0.004244   0.004358   0.004516   0.004738   0.005048
         0    0.00079   0.001563   0.002303   0.002996   0.003627   0.004187   0.004669   0.005067   0.005382   0.005614   0.005766   0.005848   0.005866   0.005829   0.005749   0.005635   0.005499    0.00535   0.005196   0.005045   0.004903   0.004774   0.004664   0.004571   0.004497   0.004444   0.004408   0.004389   0.004383    0.00439   0.004406   0.004431    0.00446   0.004493   0.004527   0.004563     0.0046   0.004636   0.004673   0.004711   0.004753   0.004802   0.004862   0.004937    0.00504    0.00518   0.005375   0.005649   0.006034
         0   0.000913   0.001807   0.002662    0.00346   0.004187    0.00483   0.005383   0.005838   0.006193   0.006453    0.00662   0.006704   0.006713    0.00666   0.006557   0.006414   0.006247   0.006064   0.005877   0.005694   0.005523   0.005369   0.005235   0.005123   0.005035   0.004971   0.004928   0.004904   0.004898   0.004906   0.004925   0.004954   0.004989   0.005027   0.005069   0.005111   0.005154   0.005197   0.005241   0.005287   0.005336   0.005394   0.005464   0.005556   0.005677   0.005842   0.006074   0.006399   0.006855
         0    0.00102   0.002018   0.002971   0.003861   0.004669   0.005383   0.005992   0.006491   0.006879   0.007157   0.007332   0.007412   0.007408   0.007333   0.007203    0.00703   0.006828   0.006611   0.006389   0.006175   0.005974   0.005793   0.005636   0.005507   0.005404   0.005329   0.005279   0.005251   0.005243   0.005253   0.005275   0.005308   0.005347   0.005393   0.005441   0.005489   0.005539   0.005588   0.005638   0.005691   0.005749   0.005815   0.005896      0.006    0.00614   0.006331   0.006598   0.006971   0.007495
         0    0.00111   0.002193   0.003228   0.004193   0.005067   0.005838   0.006491   0.007024   0.007432   0.007721   0.007894   0.007963   0.007941   0.007841    0.00768   0.007473   0.007236   0.006984   0.006727    0.00648   0.006249   0.006043   0.005863   0.005715   0.005599   0.005513   0.005455   0.005423   0.005414   0.005425    0.00545   0.005486   0.005532   0.005583   0.005636   0.005691   0.005747   0.005803    0.00586   0.005919   0.005984   0.006058    0.00615   0.006267   0.006423   0.006638   0.006938   0.007358   0.007947
         0   0.001181   0.002334   0.003434   0.004457   0.005382   0.006193   0.006879   0.007432   0.007852    0.00814   0.008305   0.008358   0.008311   0.008182   0.007988   0.007745   0.007471   0.007181   0.006891    0.00661    0.00635   0.006116   0.005916   0.005749   0.005618   0.005521   0.005457   0.005422   0.005412   0.005423    0.00545   0.005491   0.005541   0.005597   0.005656   0.005718   0.005779   0.005842   0.005904    0.00597   0.006041   0.006124   0.006225   0.006354   0.006528   0.006765   0.007096   0.007559    0.00821
         0   0.001234   0.002439   0.003588   0.004653   0.005614   0.006453   0.007157   0.007721    0.00814   0.008421    0.00857   0.008599   0.008524   0.008362   0.008132   0.007851   0.007539   0.007211   0.006885   0.006572   0.006282   0.006023     0.0058   0.005616   0.005471   0.005364   0.005293   0.005254   0.005243   0.005255   0.005285   0.005329   0.005384   0.005445    0.00551   0.005577   0.005645   0.005712   0.005781   0.005853   0.005931   0.006021   0.006131   0.006271    0.00646   0.006719   0.007079   0.007584   0.008292
         0   0.001271   0.002512   0.003692   0.004784   0.005766    0.00662   0.007332   0.007894   0.008305    0.00857   0.008696   0.008697    0.00859    0.00839   0.008122   0.007802    0.00745   0.007086   0.006724   0.006378   0.006059   0.005775   0.005531   0.005329   0.005172   0.005055   0.004978   0.004935   0.004922   0.004935   0.004968   0.005016   0.005075   0.005141   0.005211   0.005284   0.005357    0.00543   0.005505   0.005581   0.005666   0.005762    0.00588   0.006033   0.006235   0.006514   0.006901   0.007445   0.008208
         0   0.001293   0.002554   0.003752   0.004858   0.005848   0.006704   0.007412   0.007963   0.008358   0.008599   0.008697   0.008666   0.008521   0.008284   0.007974   0.007614   0.007224   0.006821   0.006424   0.006047     0.0057   0.005392   0.005127   0.004909   0.004739   0.004613    0.00453   0.004484   0.004471   0.004484   0.004519   0.004571   0.004633   0.004704    0.00478   0.004857   0.004936   0.005014   0.005093   0.005175   0.005265   0.005368   0.005495   0.005657   0.005874    0.00617   0.006583   0.007162   0.007975
         0   0.001301   0.002569   0.003771   0.004878   0.005866   0.006713   0.007408   0.007941   0.008311   0.008524    0.00859   0.008521   0.008338    0.00806    0.00771    0.00731    0.00688   0.006441    0.00601   0.005602   0.005227   0.004896   0.004612   0.004379   0.004196   0.004062   0.003973   0.003923    0.00391   0.003924   0.003961   0.004016   0.004083   0.004159   0.004239   0.004321   0.004404   0.004487   0.004571   0.004658   0.004753   0.004863   0.004996   0.005168   0.005397    0.00571   0.006146   0.006759   0.007617
         0   0.001298   0.002561   0.003756   0.004854   0.005829    0.00666   0.007333   0.007841   0.008182   0.008362    0.00839   0.008284    0.00806   0.007742    0.00735   0.006909   0.006442   0.005967   0.005504   0.005065   0.004666   0.004312    0.00401   0.003762   0.003569   0.003427   0.003332   0.003281   0.003266   0.003282   0.003321    0.00338    0.00345    0.00353   0.003615   0.003702   0.003788   0.003876   0.003965   0.004056   0.004157   0.004272   0.004412   0.004592   0.004832    0.00516   0.005619    0.00626   0.007162
         0   0.001285   0.002535   0.003715   0.004795   0.005749   0.006557   0.007203    0.00768   0.007988   0.008132   0.008122   0.007974    0.00771    0.00735   0.006919    0.00644   0.005935   0.005426    0.00493   0.004466   0.004042   0.003667   0.003349   0.003088   0.002884   0.002735   0.002637   0.002583   0.002568   0.002584   0.002626   0.002687   0.002762   0.002846   0.002934   0.003026   0.003116   0.003209   0.003301   0.003397   0.003502   0.003622   0.003768   0.003956   0.004206   0.004549   0.005026   0.005695   0.006635
         0   0.001264   0.002493   0.003651   0.004708   0.005635   0.006414    0.00703   0.007473   0.007745   0.007851   0.007802   0.007614    0.00731   0.006909    0.00644   0.005923   0.005383   0.004843   0.004319   0.003828   0.003381   0.002989   0.002655   0.002382   0.002169   0.002014   0.001911   0.001856    0.00184   0.001858   0.001903   0.001967   0.002045   0.002132   0.002224    0.00232   0.002415   0.002511   0.002607   0.002707   0.002816    0.00294   0.003093   0.003287   0.003547   0.003902   0.004397   0.005091   0.006064
         0   0.001239   0.002442   0.003573   0.004601   0.005499   0.006247   0.006828   0.007236   0.007471   0.007539    0.00745   0.007224    0.00688   0.006442   0.005935   0.005383   0.004811   0.004241    0.00369   0.003176   0.002709     0.0023   0.001953   0.001669   0.001449   0.001288   0.001183   0.001125    0.00111   0.001129   0.001175   0.001242   0.001324   0.001415   0.001512   0.001611   0.001709   0.001808   0.001908   0.002012   0.002124   0.002254    0.00241    0.00261   0.002879   0.003246   0.003756   0.004472   0.005476
         0   0.001211   0.002384   0.003486   0.004484    0.00535   0.006064   0.006611   0.006984   0.007181   0.007211   0.007086   0.006821   0.006441   0.005967   0.005426   0.004843   0.004241   0.003643   0.003068   0.002533   0.002049   0.001625   0.001265   0.000973   0.000745    0.00058   0.000472   0.000415   0.000399    0.00042   0.000469   0.000539   0.000624   0.000718   0.000818    0.00092   0.001023   0.001124   0.001228   0.001334    0.00145   0.001583   0.001744    0.00195   0.002225   0.002603   0.003128   0.003862   0.004894
         0   0.001181   0.002325   0.003396   0.004362   0.005196   0.005877   0.006389   0.006727   0.006891   0.006885   0.006724   0.006424    0.00601   0.005504    0.00493   0.004319    0.00369   0.003068   0.002472   0.001919   0.001419   0.000981   0.000613   0.000312      8e-05   -8.9e-05  -0.000199  -0.000258  -0.000271  -0.000249  -0.000198  -0.000126   -3.7e-05      6e-05   0.000164   0.000268   0.000373   0.000479   0.000585   0.000695   0.000813    0.00095   0.001114   0.001327   0.001608   0.001994   0.002531   0.003283   0.004338
         0   0.001152   0.002265   0.003306   0.004242   0.005045   0.005694   0.006175    0.00648    0.00661   0.006572   0.006378   0.006047   0.005602   0.005065   0.004466   0.003828   0.003176   0.002533   0.001919   0.001349   0.000836   0.000388      1e-05  -0.000296  -0.000533  -0.000705  -0.000816  -0.000874  -0.000887  -0.000862  -0.000809  -0.000734  -0.000643  -0.000543  -0.000437  -0.000329   -0.00022  -0.000113     -4e-06   0.000109    0.00023    0.00037   0.000538   0.000754   0.001041   0.001435   0.001983    0.00275   0.003826
         0   0.001123   0.002209   0.003222   0.004129   0.004903   0.005523   0.005974   0.006249    0.00635   0.006282   0.006059     0.0057   0.005227   0.004666   0.004042   0.003381   0.002709   0.002049   0.001419   0.000836   0.000312  -0.000145  -0.000529  -0.000841  -0.001081  -0.001254  -0.001366  -0.001424  -0.001435  -0.001409  -0.001354  -0.001275  -0.001182  -0.001078   -0.00097  -0.000859  -0.000748  -0.000638  -0.000527  -0.000412  -0.000288  -0.000146    2.5e-05   0.000246   0.000538   0.000939   0.001496   0.002276   0.003371
         0   0.001099   0.002159   0.003146   0.004027   0.004774   0.005369   0.005793   0.006043   0.006116   0.006023   0.005775   0.005392   0.004896   0.004312   0.003667   0.002989     0.0023   0.001625   0.000981   0.000388  -0.000145  -0.000608  -0.000999  -0.001314  -0.001555   -0.00173  -0.001842  -0.001898  -0.001908   -0.00188  -0.001822  -0.001741  -0.001646   -0.00154  -0.001428  -0.001314  -0.001202  -0.001089  -0.000976  -0.000859  -0.000733  -0.000589  -0.000414  -0.000192   0.000106   0.000513   0.001078    0.00187   0.002981
         0   0.001076   0.002115   0.003079   0.003938   0.004664   0.005235   0.005636   0.005863   0.005916     0.0058   0.005531   0.005127   0.004612    0.00401   0.003349   0.002655   0.001953   0.001265   0.000613      1e-05  -0.000529  -0.000999  -0.001392  -0.001709  -0.001953  -0.002127  -0.002239  -0.002294  -0.002302  -0.002272  -0.002212  -0.002129   -0.00203  -0.001921  -0.001808  -0.001692  -0.001577  -0.001463  -0.001348  -0.001229  -0.001101  -0.000954  -0.000778  -0.000552  -0.000251    0.00016   0.000733   0.001535   0.002659
         0   0.001058   0.002077   0.003024   0.003864   0.004571   0.005123   0.005507   0.005715   0.005749   0.005616   0.005329   0.004909   0.004379   0.003762   0.003088   0.002382   0.001669   0.000973   0.000312  -0.000296  -0.000841  -0.001314  -0.001709  -0.002028  -0.002272  -0.002446  -0.002556   -0.00261  -0.002617  -0.002585  -0.002522  -0.002436  -0.002336  -0.002224  -0.002109  -0.001991  -0.001874  -0.001757  -0.001641  -0.001521  -0.001391  -0.001244  -0.001064  -0.000836  -0.000532  -0.000116   0.000463   0.001272   0.002409
         0   0.001043   0.002048    0.00298   0.003806   0.004497   0.005035   0.005404   0.005599   0.005618   0.005471   0.005172   0.004739   0.004196   0.003569   0.002884   0.002169   0.001449   0.000745      8e-05  -0.000533  -0.001081  -0.001555  -0.001953  -0.002272  -0.002516  -0.002689  -0.002798   -0.00285  -0.002854   -0.00282  -0.002755  -0.002667  -0.002564  -0.002451  -0.002333  -0.002214  -0.002095  -0.001977  -0.001859  -0.001737  -0.001607  -0.001457  -0.001276  -0.001046  -0.000738  -0.000319   0.000265   0.001082   0.002228
         0   0.001033   0.002027   0.002947   0.003762   0.004444   0.004971   0.005329   0.005513   0.005521   0.005364   0.005055   0.004613   0.004062   0.003427   0.002735   0.002014   0.001288    0.00058   -8.9e-05  -0.000705  -0.001254   -0.00173  -0.002127  -0.002446  -0.002689   -0.00286  -0.002968  -0.003018  -0.003021  -0.002984  -0.002917  -0.002827  -0.002721  -0.002607  -0.002487  -0.002366  -0.002246  -0.002127  -0.002007  -0.001883  -0.001752  -0.001601  -0.001419  -0.001186  -0.000877  -0.000454   0.000134   0.000957   0.002111
         0   0.001026   0.002012   0.002926   0.003734   0.004408   0.004928   0.005279   0.005455   0.005457   0.005293   0.004978    0.00453   0.003973   0.003332   0.002637   0.001911   0.001183   0.000472  -0.000199  -0.000816  -0.001366  -0.001842  -0.002239  -0.002556  -0.002798  -0.002968  -0.003073  -0.003121  -0.003121  -0.003082  -0.003014  -0.002921  -0.002814  -0.002698  -0.002576  -0.002454  -0.002332  -0.002211  -0.002091  -0.001967  -0.001833  -0.001681  -0.001498  -0.001264  -0.000953  -0.000527    6.5e-05   0.000892   0.002054
         0   0.001022   0.002005   0.002914   0.003718   0.004389   0.004904   0.005251   0.005423   0.005422   0.005254   0.004935   0.004484   0.003923   0.003281   0.002583   0.001856   0.001125   0.000415  -0.000258  -0.000874  -0.001424  -0.001898  -0.002294   -0.00261   -0.00285  -0.003018  -0.003121  -0.003168  -0.003165  -0.003125  -0.003054   -0.00296  -0.002851  -0.002733  -0.002609  -0.002486  -0.002363  -0.002241  -0.002119  -0.001994   -0.00186  -0.001707  -0.001523  -0.001287  -0.000974  -0.000547    4.8e-05   0.000879   0.002047
         0    0.00102   0.002003   0.002912   0.003714   0.004383   0.004898   0.005243   0.005414   0.005412   0.005243   0.004922   0.004471    0.00391   0.003266   0.002568    0.00184    0.00111   0.000399  -0.000271  -0.000887  -0.001435  -0.001908  -0.002302  -0.002617  -0.002854  -0.003021  -0.003121  -0.003165  -0.003162   -0.00312  -0.003046  -0.002951   -0.00284   -0.00272  -0.002596  -0.002471  -0.002346  -0.002224  -0.002102  -0.001976  -0.001841  -0.001686  -0.001501  -0.001265   -0.00095  -0.000521    7.6e-05   0.000911   0.002083
         0   0.001022   0.002006   0.002916    0.00372    0.00439   0.004906   0.005253   0.005425   0.005423   0.005255   0.004935   0.004484   0.003924   0.003282   0.002584   0.001858   0.001129    0.00042  -0.000249  -0.000862  -0.001409   -0.00188  -0.002272  -0.002585   -0.00282  -0.002984  -0.003082  -0.003125   -0.00312  -0.003074  -0.002999  -0.002903   -0.00279  -0.002669  -0.002543  -0.002417  -0.002292  -0.002169  -0.002046  -0.001919  -0.001784  -0.001629  -0.001442  -0.001205   -0.00089  -0.000459    0.00014   0.000978   0.002154
         0   0.001025   0.002013   0.002926   0.003733   0.004406   0.004925   0.005275    0.00545    0.00545   0.005285   0.004968   0.004519   0.003961   0.003321   0.002626   0.001903   0.001175   0.000469  -0.000198  -0.000809  -0.001354  -0.001822  -0.002212  -0.002522  -0.002755  -0.002917  -0.003014  -0.003054  -0.003046  -0.002999  -0.002923  -0.002824  -0.002711  -0.002589  -0.002462  -0.002335  -0.002209  -0.002084  -0.001961  -0.001833  -0.001697  -0.001542  -0.001355  -0.001117  -0.000801  -0.000369   0.000231   0.001072   0.002251
         0   0.001031   0.002022   0.002941   0.003752   0.004431   0.004954   0.005308   0.005486   0.005491   0.005329   0.005016   0.004571   0.004016    0.00338   0.002687   0.001967   0.001242   0.000539  -0.000126  -0.000734  -0.001275  -0.001741  -0.002129  -0.002436  -0.002667  -0.002827  -0.002921   -0.00296  -0.002951  -0.002903  -0.002824  -0.002725   -0.00261  -0.002487  -0.002359  -0.002231  -0.002105   -0.00198  -0.001855  -0.001727  -0.001591  -0.001435  -0.001248  -0.001009  -0.000691  -0.000259   0.000343   0.001186   0.002368
         0   0.001036   0.002035   0.002959   0.003776    0.00446   0.004989   0.005347   0.005532   0.005541   0.005384   0.005075   0.004633   0.004083    0.00345   0.002762   0.002045   0.001324   0.000624   -3.7e-05  -0.000643  -0.001182  -0.001646   -0.00203  -0.002336  -0.002564  -0.002721  -0.002814  -0.002851   -0.00284   -0.00279  -0.002711   -0.00261  -0.002494  -0.002369  -0.002241  -0.002113  -0.001985   -0.00186  -0.001735  -0.001607   -0.00147  -0.001314  -0.001126  -0.000887   -0.00057  -0.000136   0.000468   0.001312   0.002495
         0   0.001043   0.002048   0.002979   0.003803   0.004493   0.005027   0.005393   0.005583   0.005597   0.005445   0.005141   0.004704   0.004159    0.00353   0.002846   0.002132   0.001415   0.000718      6e-05  -0.000543  -0.001078   -0.00154  -0.001921  -0.002224  -0.002451  -0.002607  -0.002698  -0.002733   -0.00272  -0.002669  -0.002589  -0.002487  -0.002369  -0.002245  -0.002116  -0.001987  -0.001858  -0.001732  -0.001607  -0.001478  -0.001341  -0.001185  -0.000997  -0.000757  -0.000439     -4e-06   0.000599   0.001444   0.002629
         0    0.00105   0.002062      0.003   0.003831   0.004527   0.005069   0.005441   0.005636   0.005656    0.00551   0.005211    0.00478   0.004239   0.003615   0.002934   0.002224   0.001512   0.000818   0.000164  -0.000437   -0.00097  -0.001428  -0.001808  -0.002109  -0.002333  -0.002487  -0.002576  -0.002609  -0.002596  -0.002543  -0.002462  -0.002359  -0.002241  -0.002116  -0.001986  -0.001856  -0.001728  -0.001602  -0.001476  -0.001347  -0.001209  -0.001053  -0.000864  -0.000624  -0.000306    0.00013   0.000734    0.00158   0.002766
         0   0.001057   0.002076   0.003022   0.003859   0.004563   0.005111   0.005489   0.005691   0.005718   0.005577   0.005284   0.004857   0.004321   0.003702   0.003026    0.00232   0.001611    0.00092   0.000268  -0.000329  -0.000859  -0.001314  -0.001692  -0.001991  -0.002214  -0.002366  -0.002454  -0.002486  -0.002471  -0.002417  -0.002335  -0.002231  -0.002113  -0.001987  -0.001856  -0.001725  -0.001598  -0.001471  -0.001344  -0.001216  -0.001077  -0.000921  -0.000731  -0.000492  -0.000173   0.000262   0.000867   0.001714   0.002902
         0   0.001065   0.002091   0.003044   0.003889     0.0046   0.005154   0.005539   0.005747   0.005779   0.005645   0.005357   0.004936   0.004404   0.003788   0.003116   0.002415   0.001709   0.001023   0.000373   -0.00022  -0.000748  -0.001202  -0.001577  -0.001874  -0.002095  -0.002246  -0.002332  -0.002363  -0.002346  -0.002292  -0.002209  -0.002105  -0.001985  -0.001858  -0.001728  -0.001598  -0.001468  -0.001341  -0.001215  -0.001086  -0.000948  -0.000791  -0.000602  -0.000362   -4.3e-05   0.000393   0.000999   0.001846   0.003035
         0   0.001072   0.002106   0.003066   0.003918   0.004636   0.005197   0.005588   0.005803   0.005842   0.005712    0.00543   0.005014   0.004487   0.003876   0.003209   0.002511   0.001808   0.001124   0.000479  -0.000113  -0.000638  -0.001089  -0.001463  -0.001757  -0.001977  -0.002127  -0.002211  -0.002241  -0.002224  -0.002169  -0.002084   -0.00198   -0.00186  -0.001732  -0.001602  -0.001471  -0.001341  -0.001214  -0.001087  -0.000958   -0.00082  -0.000663  -0.000473  -0.000233    8.6e-05   0.000522   0.001128   0.001976   0.003165
         0   0.001079   0.002122   0.003089   0.003948   0.004673   0.005241   0.005638    0.00586   0.005904   0.005781   0.005505   0.005093   0.004571   0.003965   0.003301   0.002607   0.001908   0.001228   0.000585     -4e-06  -0.000527  -0.000976  -0.001348  -0.001641  -0.001859  -0.002007  -0.002091  -0.002119  -0.002102  -0.002046  -0.001961  -0.001855  -0.001735  -0.001607  -0.001476  -0.001344  -0.001215  -0.001087   -0.00096  -0.000832  -0.000692  -0.000535  -0.000346  -0.000105   0.000213    0.00065   0.001256   0.002104   0.003294
         0   0.001088   0.002137   0.003112   0.003979   0.004711   0.005287   0.005691   0.005919    0.00597   0.005853   0.005581   0.005175   0.004658   0.004056   0.003397   0.002707   0.002012   0.001334   0.000695   0.000109  -0.000412  -0.000859  -0.001229  -0.001521  -0.001737  -0.001883  -0.001967  -0.001994  -0.001976  -0.001919  -0.001833  -0.001727  -0.001607  -0.001478  -0.001347  -0.001216  -0.001086  -0.000958  -0.000832  -0.000701  -0.000562  -0.000405  -0.000216    2.5e-05   0.000344    0.00078   0.001386   0.002235   0.003425
         0   0.001096   0.002154   0.003137   0.004013   0.004753   0.005336   0.005749   0.005984   0.006041   0.005931   0.005666   0.005265   0.004753   0.004157   0.003502   0.002816   0.002124    0.00145   0.000813    0.00023  -0.000288  -0.000733  -0.001101  -0.001391  -0.001607  -0.001752  -0.001833   -0.00186  -0.001841  -0.001784  -0.001697  -0.001591   -0.00147  -0.001341  -0.001209  -0.001077  -0.000948   -0.00082  -0.000692  -0.000562  -0.000423  -0.000266   -7.7e-05   0.000164   0.000483    0.00092   0.001526   0.002374   0.003565
         0   0.001106   0.002174   0.003167   0.004052   0.004802   0.005394   0.005815   0.006058   0.006124   0.006021   0.005762   0.005368   0.004863   0.004272   0.003622    0.00294   0.002254   0.001583    0.00095    0.00037  -0.000146  -0.000589  -0.000954  -0.001244  -0.001457  -0.001601  -0.001681  -0.001707  -0.001686  -0.001629  -0.001542  -0.001435  -0.001314  -0.001185  -0.001053  -0.000921  -0.000791  -0.000663  -0.000535  -0.000405  -0.000266  -0.000109    8.1e-05   0.000321   0.000641   0.001078   0.001684   0.002532   0.003723
         0   0.001118   0.002198   0.003203     0.0041   0.004862   0.005464   0.005896    0.00615   0.006225   0.006131    0.00588   0.005495   0.004996   0.004412   0.003768   0.003093    0.00241   0.001744   0.001114   0.000538    2.5e-05  -0.000414  -0.000778  -0.001064  -0.001276  -0.001419  -0.001498  -0.001523  -0.001501  -0.001442  -0.001355  -0.001248  -0.001126  -0.000997  -0.000864  -0.000731  -0.000602  -0.000473  -0.000346  -0.000216   -7.7e-05    8.1e-05    0.00027   0.000511   0.000831   0.001267   0.001874   0.002722   0.003913
         0   0.001134    0.00223    0.00325   0.004162   0.004937   0.005556      0.006   0.006267   0.006354   0.006271   0.006033   0.005657   0.005168   0.004592   0.003956   0.003287    0.00261    0.00195   0.001327   0.000754   0.000246  -0.000192  -0.000552  -0.000836  -0.001046  -0.001186  -0.001264  -0.001287  -0.001265  -0.001205  -0.001117  -0.001009  -0.000887  -0.000757  -0.000624  -0.000492  -0.000362  -0.000233  -0.000105    2.5e-05   0.000164   0.000321   0.000511   0.000752   0.001072   0.001508   0.002114   0.002963   0.004154
         0   0.001155   0.002272   0.003312   0.004244    0.00504   0.005677    0.00614   0.006423   0.006528    0.00646   0.006235   0.005874   0.005397   0.004832   0.004206   0.003547   0.002879   0.002225   0.001608   0.001041   0.000538   0.000106  -0.000251  -0.000532  -0.000738  -0.000877  -0.000953  -0.000974   -0.00095   -0.00089  -0.000801  -0.000691   -0.00057  -0.000439  -0.000306  -0.000173   -4.3e-05    8.6e-05   0.000213   0.000344   0.000483   0.000641   0.000831   0.001072   0.001391   0.001828   0.002434   0.003283   0.004474
         0   0.001184   0.002329   0.003399   0.004358    0.00518   0.005842   0.006331   0.006638   0.006765   0.006719   0.006514    0.00617    0.00571    0.00516   0.004549   0.003902   0.003246   0.002603   0.001994   0.001435   0.000939   0.000513    0.00016  -0.000116  -0.000319  -0.000454  -0.000527  -0.000547  -0.000521  -0.000459  -0.000369  -0.000259  -0.000136     -4e-06    0.00013   0.000262   0.000393   0.000522    0.00065    0.00078    0.00092   0.001078   0.001267   0.001508   0.001828   0.002264   0.002872    0.00372   0.004912
         0   0.001224   0.002409   0.003517   0.004516   0.005375   0.006074   0.006598   0.006938   0.007096   0.007079   0.006901   0.006583   0.006146   0.005619   0.005026   0.004397   0.003756   0.003128   0.002531   0.001983   0.001496   0.001078   0.000733   0.000463   0.000265   0.000134    6.5e-05    4.8e-05    7.6e-05    0.00014   0.000231   0.000343   0.000468   0.000599   0.000734   0.000867   0.000999   0.001128   0.001256   0.001386   0.001526   0.001684   0.001874   0.002114   0.002434   0.002872   0.003478   0.004327   0.005518
         0    0.00128   0.002522   0.003685   0.004738   0.005649   0.006399   0.006971   0.007358   0.007559   0.007584   0.007445   0.007162   0.006759    0.00626   0.005695   0.005091   0.004472   0.003862   0.003283    0.00275   0.002276    0.00187   0.001535   0.001272   0.001082   0.000957   0.000892   0.000879   0.000911   0.000978   0.001072   0.001186   0.001312   0.001444    0.00158   0.001714   0.001846   0.001976   0.002104   0.002235   0.002374   0.002532   0.002722   0.002963   0.003283    0.00372   0.004327   0.005176   0.006367
         0   0.001359   0.002679    0.00392   0.005048   0.006034   0.006855   0.007495   0.007947    0.00821   0.008292   0.008208   0.007975   0.007617   0.007162   0.006635   0.006064   0.005476   0.004894   0.004338   0.003826   0.003371   0.002981   0.002659   0.002409   0.002228   0.002111   0.002054   0.002047   0.002083   0.002154   0.002251   0.002368   0.002495   0.002629   0.002766   0.002902   0.003035   0.003165   0.003294   0.003425   0.003565   0.003723   0.003913   0.004154   0.004474   0.004912   0.005518   0.006367   0.007558