         0          0          0          0          0          0          0          0          0          0          0          0          0          0          0          0          0          0          0          0          0          0          0          0          0          0          0          0          0          0          0          0          0          0          0          0          0          0          0          0          0          0          0          0          0          0          0          0          0          0
         0   0.000316   0.000629   0.000937   0.001236   0.001525   0.001801   0.002062   0.002306   0.002532   0.002738   0.002925   0.003091   0.003237   0.003362   0.003467   0.003555   0.003625   0.003678   0.003718   0.003747   0.003769   0.003783   0.003795    0.00381   0.003828   0.003857   0.003901   0.003966   0.004058   0.004182    0.00435   0.004568    0.00485   0.005207   0.005653   0.006205   0.006884   0.007712   0.008713   0.009921   0.011367   0.013093   0.015145   0.017574    0.02044   0.023809   0.027757    0.03237   0.037743
         0   0.000629   0.001252   0.001865   0.002462   0.003036   0.003586   0.004105   0.004591   0.005041   0.005453   0.005824   0.006154   0.006443   0.006691   0.006901   0.007073    0.00721   0.007318   0.007398   0.007454   0.007495   0.007524   0.007549   0.007575   0.007613   0.007671   0.007758   0.007886   0.008067   0.008317   0.008651   0.009088    0.00965   0.010362   0.011253   0.012356   0.013711   0.015363   0.017364   0.019774   0.022664   0.026111   0.030208   0.035058   0.040782    0.04751   0.055395   0.064607   0.075336
         0   0.000937   0.001865   0.002777   0.003665   0.004521   0.005339   0.006111   0.006835   0.007503   0.008116   0.008667   0.009157   0.009587   0.009955   0.010265    0.01052   0.010724   0.010882   0.010998   0.011082    0.01114   0.011181   0.011216   0.011256    0.01131   0.011395   0.011524   0.011715   0.011985   0.012358   0.012857   0.013511   0.014351   0.015416   0.016748     0.0184   0.020426   0.022898   0.025892   0.029498   0.033821   0.038979    0.04511   0.052368    0.06093   0.070997   0.082796   0.096581   0.112633
         0   0.001236   0.002462   0.003665   0.004836   0.005966   0.007044   0.008063   0.009016   0.009898   0.010703   0.011429   0.012074   0.012638   0.013122   0.013529   0.013862   0.014128   0.014332   0.014483    0.01459   0.014664   0.014716   0.014759   0.014808   0.014878   0.014989   0.015158    0.01541   0.015767   0.016262   0.016923    0.01779   0.018905    0.02032   0.022089   0.024283   0.026976    0.03026   0.034237   0.039029   0.044772   0.051626   0.059771   0.069415   0.080792   0.094169   0.109846   0.128162   0.149493
         0   0.001525   0.003036   0.004521   0.005966   0.007358   0.008687   0.009943   0.011118   0.012203   0.013194   0.014086   0.014879   0.015571   0.016164   0.016662   0.017067    0.01739   0.017637   0.017818   0.017945   0.018031    0.01809   0.018138   0.018195   0.018278   0.018412    0.01862    0.01893   0.019373   0.019985   0.020806   0.021883    0.02327   0.025029    0.02723   0.029958   0.033309   0.037394   0.042344   0.048307   0.055454   0.063982   0.074119    0.08612   0.100279   0.116926   0.136437   0.159229   0.185773
         0   0.001801   0.003586   0.005339   0.007044   0.008687   0.010255   0.011737   0.013121     0.0144   0.015566   0.016617   0.017547   0.018359   0.019053   0.019634   0.020106    0.02048   0.020765    0.02097   0.021113   0.021207    0.02127   0.021321   0.021381   0.021475   0.021629   0.021872   0.022238   0.022763   0.023491   0.024468   0.025751   0.027404   0.029501   0.032127   0.035381    0.03938   0.044255   0.050162   0.057278   0.065807   0.075987   0.088084   0.102408   0.119307   0.139176   0.162462   0.189666   0.221348
         0   0.002062   0.004105   0.006111   0.008063   0.009943   0.011737   0.013431   0.015012   0.016472   0.017803   0.018999   0.020057   0.020979   0.021766   0.022422   0.022954   0.023371   0.023686   0.023913   0.024066   0.024163   0.024225   0.024275   0.024336   0.024437   0.024609   0.024884   0.025303   0.025906   0.026745   0.027875   0.029359   0.031272     0.0337   0.036742   0.040513   0.045147   0.050797   0.057643   0.065892    0.07578    0.08758   0.101604   0.118209   0.137799   0.160833   0.187828   0.219364   0.256093
         0   0.002306   0.004591   0.006835   0.009016   0.011118   0.013121   0.015012   0.016777   0.018404   0.019885   0.021216   0.022392   0.023413   0.024282   0.025004   0.025587   0.026042    0.02638   0.026619   0.026777   0.026873    0.02693   0.026974   0.027034   0.027138   0.027323   0.027628   0.028095   0.028774   0.029719   0.030996   0.032676   0.034842   0.037594   0.041043   0.045319   0.050575   0.056984    0.06475   0.074107   0.085325   0.098711   0.114622   0.133461   0.155687    0.18182   0.212447   0.248228   0.289899
         0   0.002532   0.005041   0.007503   0.009898   0.012203     0.0144   0.016472   0.018404   0.020184   0.021803   0.023253   0.024534   0.025643   0.026584   0.027362   0.027987    0.02847   0.028826   0.029072   0.029228   0.029317   0.029365   0.029399   0.029451   0.029556   0.029751   0.030081   0.030594   0.031343   0.032392   0.033809   0.035678   0.038092   0.041158   0.045002   0.049772   0.055632   0.062783   0.071446   0.081886   0.094401   0.109337   0.127091   0.148111    0.17291   0.202069   0.236243   0.276167   0.322665
         0   0.002738   0.005453   0.008116   0.010703   0.013194   0.015566   0.017803   0.019885   0.021803   0.023544   0.025102   0.026473   0.027658   0.028659   0.029484   0.030141   0.030644    0.03101   0.031254   0.031404    0.03148   0.031513   0.031533   0.031573   0.031674   0.031876   0.032227   0.032782   0.033597   0.034743   0.036298   0.038349   0.041001   0.044372   0.048601   0.053849   0.060299   0.068169   0.077706   0.089199   0.102978   0.119423   0.138969   0.162112   0.189417   0.221522   0.259149   0.303107   0.354303
         0   0.002925   0.005824   0.008667   0.011429   0.014086   0.016617   0.018999   0.021216   0.023253   0.025102   0.026753   0.028202    0.02945     0.0305    0.03136    0.03204   0.032554   0.032921   0.033159   0.033294   0.033353   0.033366   0.033366   0.033392   0.033484   0.033689   0.034057   0.034648   0.035526   0.036764   0.038448   0.040675   0.043557   0.047224   0.051825   0.057536   0.064558   0.073126   0.083511   0.096026    0.11103   0.128938   0.150225   0.175429   0.205166   0.240131    0.28111   0.328983   0.384739
         0   0.003091   0.006154   0.009157   0.012074   0.014879   0.017547   0.020057   0.022392   0.024534   0.026473   0.028202   0.029715   0.031014   0.032102   0.032986   0.033679   0.034196   0.034555    0.03478   0.034895    0.03493   0.034917   0.034894     0.0349   0.034981   0.035184   0.035566    0.03619   0.037125    0.03845   0.040258   0.042654   0.045756   0.049707   0.054668   0.060826     0.0684   0.077644   0.088849   0.102352   0.118542   0.137867   0.160838   0.188037   0.220126   0.257859    0.30208   0.353743   0.413913
         0   0.003237   0.006443   0.009587   0.012638   0.015571   0.018359   0.020979   0.023413   0.025643   0.027658    0.02945   0.031014    0.03235   0.033465   0.034363   0.035059    0.03557   0.035915   0.036118   0.036207   0.036213   0.036171    0.03612   0.036103   0.036166   0.036366   0.036757    0.03741   0.038397   0.039805    0.04173   0.044286     0.0476   0.051824    0.05713    0.06372   0.071826   0.081721   0.093715   0.108172   0.125507   0.146199   0.170794   0.199917   0.234277    0.27468   0.322031    0.37735   0.441779
         0   0.003362   0.006691   0.009955   0.013122   0.016164   0.019053   0.021766   0.024282   0.026584   0.028659     0.0305   0.032102   0.033465   0.034592   0.035495   0.036186   0.036682   0.037005    0.03718   0.037238   0.037209   0.037133    0.03705   0.037005   0.037051   0.037241   0.037639   0.038316   0.039351   0.040835   0.042872    0.04558   0.049098   0.053583   0.059221   0.066224   0.074842   0.085362   0.098117   0.113491   0.131926   0.153932    0.18009   0.211063   0.247609    0.29058   0.340942   0.399779   0.468304
         0   0.003467   0.006901   0.010265   0.013529   0.016662   0.019634   0.022422   0.025004   0.027362   0.029484    0.03136   0.032986   0.034363   0.035495   0.036392   0.037069   0.037543   0.037838   0.037979      0.038   0.037933   0.037818     0.0377   0.037624   0.037646   0.037824   0.038226   0.038923   0.040003   0.041558     0.0437   0.046553   0.050264   0.054999   0.060953   0.068353   0.077461    0.08858   0.102063   0.118317   0.137808   0.161074   0.188731   0.221481   0.260121   0.305556   0.358806   0.421017   0.493472
         0   0.003555   0.007073    0.01052   0.013862   0.017067   0.020106   0.022954   0.025587   0.027987   0.030141    0.03204   0.033679   0.035059   0.036186   0.037069   0.037723   0.038169   0.038429   0.038531    0.03851   0.038401   0.038245   0.038087   0.037978   0.037975   0.038139   0.038539   0.039255   0.040374   0.041996   0.044235   0.047227    0.05112   0.056093    0.06235   0.070128   0.079704   0.091397   0.105577   0.122671   0.143171   0.167643   0.196733   0.231181   0.271825   0.319617   0.375628   0.441065   0.517278
         0   0.003625    0.00721   0.010724   0.014128    0.01739    0.02048   0.023371   0.026042    0.02847   0.030644   0.032554   0.034196    0.03557   0.036682   0.037543   0.038169   0.038579   0.038799   0.038859   0.038792   0.038637   0.038435   0.038237   0.038093   0.038061   0.038209   0.038607   0.039337   0.040491   0.042175   0.044508   0.047628   0.051696   0.056895    0.06344   0.071578     0.0816    0.09384   0.108683   0.126579   0.148041   0.173662    0.20412   0.240186   0.282741    0.33278   0.391425   0.459939   0.539735
         0   0.003678   0.007318   0.010882   0.014332   0.017637   0.020765   0.023686    0.02638   0.028826    0.03101   0.032921   0.034555   0.035915   0.037005   0.037838   0.038429   0.038799   0.038975   0.038989   0.038873    0.03867   0.038423   0.038181   0.037999   0.037939   0.038068   0.038461   0.039203    0.04039   0.042131   0.044551   0.047794   0.052026   0.057439   0.064257   0.072739   0.083184   0.095942   0.111417   0.130075   0.152452   0.179167   0.210923   0.248529   0.292901   0.345074   0.406223   0.477662   0.560866
         0   0.003718   0.007398   0.010998   0.014483   0.017818    0.02097   0.023913   0.026619   0.029072   0.031254   0.033159    0.03478   0.036118    0.03718   0.037979   0.038531   0.038859   0.038989   0.038952   0.038787   0.038534   0.038239   0.037954   0.037735   0.037645   0.037754   0.038141   0.038892   0.040108   0.041903   0.044405   0.047763   0.052151   0.057767   0.064844    0.07365   0.084497   0.097748   0.113821   0.133202   0.156446   0.184197   0.217185    0.25625   0.302343   0.356542   0.420064   0.494276   0.580708
         0   0.003747   0.007454   0.011082    0.01459   0.017945   0.021113   0.024066   0.026777   0.029228   0.031404   0.033294   0.034895   0.036207   0.037238      0.038    0.03851   0.038792   0.038873   0.038787   0.038571   0.038269   0.037926   0.037598   0.037341   0.037221    0.03731   0.037689    0.03845   0.039694   0.041538   0.044117   0.047584   0.052118   0.057927   0.065248   0.074361   0.085588   0.099304   0.115944   0.136007   0.160071   0.188801   0.222955   0.263399    0.31112   0.367233   0.432997   0.509829   0.599313
         0   0.003769   0.007495    0.01114   0.014664   0.018031   0.021207   0.024163   0.026873   0.029317    0.03148   0.033353    0.03493   0.036213   0.037209   0.037933   0.038401   0.038637    0.03867   0.038534   0.038269   0.037917   0.037528   0.037158   0.036864   0.036715   0.036785   0.037157   0.037926   0.039195   0.041087   0.043738   0.047309   0.051982   0.057972   0.065524   0.074926   0.086512   0.100668   0.117841   0.138548   0.163385   0.193038    0.22829   0.270034   0.319289   0.377205   0.445084   0.524384   0.616744
         0   0.003783   0.007524   0.011181   0.014716    0.01809    0.02127   0.024225    0.02693   0.029365   0.031513   0.033366   0.034917   0.036171   0.037133   0.037818   0.038245   0.038435   0.038423   0.038239   0.037926   0.037528   0.037096   0.036685   0.036358   0.036182   0.036234   0.036601   0.037376    0.03867   0.040606   0.043327   0.046996   0.051801   0.057961   0.065732   0.075407   0.087331   0.101899   0.119575   0.140888   0.166453   0.196974   0.233257   0.276223   0.326919   0.386531   0.456395   0.538016   0.633077
         0   0.003795   0.007549   0.011216   0.014759   0.018138   0.021321   0.024275   0.026974   0.029399   0.031533   0.033366   0.034894    0.03612    0.03705     0.0377   0.038087   0.038237   0.038181   0.037954   0.037598   0.037158   0.036685   0.036238    0.03588    0.03568   0.035717   0.036079   0.036864   0.038184   0.040164   0.042951   0.046712   0.051641   0.057964    0.06594   0.075872   0.088113    0.10307   0.121217   0.143099   0.169345    0.20068   0.237931   0.282042   0.334089   0.395288   0.467013   0.550808     0.6484
         0    0.00381   0.007575   0.011256   0.014808   0.018195   0.021381   0.024336   0.027034   0.029451   0.031573   0.033392     0.0349   0.036103   0.037005   0.037624   0.037978   0.038093   0.037999   0.037735   0.037341   0.036864   0.036358    0.03588   0.035495   0.035276   0.035302   0.035663   0.036459   0.037803   0.039827   0.042678   0.046529   0.051577   0.058052   0.066222   0.076397   0.088935   0.104257   0.122845   0.145259   0.172144    0.20424   0.242395   0.287576   0.340885   0.403569   0.477032   0.562856   0.662813
         0   0.003828   0.007613    0.01131   0.014878   0.018278   0.021475   0.024437   0.027138   0.029556   0.031674   0.033484   0.034981   0.036166   0.037051   0.037646   0.037975   0.038061   0.037939   0.037645   0.037221   0.036715   0.036182    0.03568   0.035276   0.035043   0.035063   0.035427   0.036236   0.037609   0.039677   0.042591   0.046528   0.051689    0.05831   0.066663   0.077064   0.089883   0.105546   0.124548   0.147459    0.17494   0.207745   0.246744   0.292924   0.347409   0.411474   0.486556   0.574272    0.67643
         0   0.003857   0.007671   0.011395   0.014989   0.018412   0.021629   0.024609   0.027323   0.029751   0.031876   0.033689   0.035184   0.036366   0.037241   0.037824   0.038139   0.038209   0.038068   0.037754    0.03731   0.036785   0.036234   0.035717   0.035302   0.035063   0.035084   0.035455   0.036284   0.037687     0.0398   0.042778   0.046799   0.052069   0.058828   0.067354    0.07797   0.091052   0.107034   0.126422   0.149797   0.177833     0.2113   0.251083    0.29819   0.353768   0.419117   0.495704   0.585176   0.689379
         0   0.003901   0.007758   0.011524   0.015158    0.01862   0.021872   0.024884   0.027628   0.030081   0.032227   0.034057   0.035566   0.036757   0.037639   0.038226   0.038539   0.038607   0.038461   0.038141   0.037689   0.037157   0.036601   0.036079   0.035663   0.035427   0.035455   0.035843   0.036696   0.038134   0.040296   0.043339   0.047443   0.052819   0.059711   0.068402   0.079221   0.092548    0.10883   0.128577   0.152386   0.180937   0.215017   0.255528   0.303496   0.360088   0.426627   0.504607   0.595705   0.701801
         0   0.003966   0.007886   0.011715    0.01541    0.01893   0.022238   0.025303   0.028095   0.030594   0.032782   0.034648    0.03619    0.03741   0.038316   0.038923   0.039255   0.039337   0.039203   0.038892    0.03845   0.037926   0.037376   0.036864   0.036459   0.036236   0.036284   0.036696   0.037581   0.039061   0.041275   0.044384   0.048573   0.054053   0.061074   0.069922   0.080933   0.094492   0.111054   0.131138   0.155347   0.184378   0.219028   0.260213   0.308976   0.366505   0.434144   0.513411   0.606012   0.713856
         0   0.004058   0.008067   0.011985   0.015767   0.019373   0.022763   0.025906   0.028774   0.031343   0.033597   0.035526   0.037125   0.038397   0.039351   0.040003   0.040374   0.040491    0.04039   0.040108   0.039694   0.039195    0.03867   0.038184   0.037803   0.037609   0.037687   0.038134   0.039061    0.04059   0.042863   0.046043   0.050317   0.055902   0.063048   0.072048   0.083241   0.097021   0.113845   0.134242   0.158826   0.188301   0.223478   0.265287   0.314784   0.373177   0.441831   0.522283   0.616268   0.725721
         0   0.004182   0.008317   0.012358   0.016262   0.019985   0.023491   0.026745   0.029719   0.032392   0.034743   0.036764    0.03845   0.039805   0.040835   0.041558   0.041996   0.042175   0.042131   0.041903   0.041538   0.041087   0.040606   0.040164   0.039827   0.039677     0.0398   0.040296   0.041275   0.042863   0.045203   0.048461   0.052824   0.058514   0.065785   0.074933   0.086301   0.100288   0.117359   0.138049   0.162981   0.192869   0.228533   0.270916   0.321092    0.38028   0.449865   0.531408   0.626663   0.737596
         0    0.00435   0.008651   0.012857   0.016923   0.020806   0.024468   0.027875   0.030996   0.033809   0.036298   0.038448   0.040258    0.04173   0.042872     0.0437   0.044235   0.044508   0.044551   0.044405   0.044117   0.043738   0.043327   0.042951   0.042678   0.042591   0.042778   0.043339   0.044384   0.046043   0.048461   0.051803   0.056263   0.062061   0.069456   0.078749   0.090286   0.104472   0.121775   0.142741   0.167998   0.198267   0.234382   0.277295   0.328094   0.388013   0.458455   0.540997   0.637416   0.749702
         0   0.004568   0.009088   0.013511    0.01779   0.021883   0.025751   0.029359   0.032676   0.035678   0.038349   0.040675   0.042654   0.044286    0.04558   0.046553   0.047227   0.047628   0.047794   0.047763   0.047584   0.047309   0.046996   0.046712   0.046529   0.046528   0.046799   0.047443   0.048573   0.050317   0.052824   0.056263   0.060825   0.066737   0.074261   0.083698     0.0954   0.109776   0.127303   0.148528   0.174087   0.204711   0.241243   0.284644   0.336016   0.396606    0.46783   0.551286   0.648771   0.762293
         0    0.00485    0.00965   0.014351   0.018905    0.02327   0.027404   0.031272   0.034842   0.038092   0.041001   0.043557   0.045756     0.0476   0.049098   0.050264    0.05112   0.051696   0.052026   0.052151   0.052118   0.051982   0.051801   0.051641   0.051577   0.051689   0.052069   0.052819   0.054053   0.055902   0.058514   0.062061   0.066737   0.072773   0.080427   0.090011   0.101877    0.11644   0.134178   0.155649   0.181491   0.212447   0.249365   0.293217   0.345114   0.406318   0.478259    0.56255   0.661005   0.775654
         0   0.005207   0.010362   0.015416    0.02032   0.025029   0.029501     0.0337   0.037594   0.041158   0.044372   0.047224   0.049707   0.051824   0.053583   0.054999   0.056093   0.056895   0.057439   0.057767   0.057927   0.057972   0.057961   0.057964   0.058052    0.05831   0.058828   0.059711   0.061074   0.063048   0.065785   0.069456   0.074261   0.080427   0.088224   0.097958   0.109989   0.124734    0.14268   0.164383   0.190495   0.221759   0.259035   0.303303   0.355683   0.417449   0.490045   0.575097   0.674436   0.790109
         0   0.005653   0.011253   0.016748   0.022089    0.02723   0.032127   0.036742   0.041043   0.045002   0.048601   0.051825   0.054668    0.05713   0.059221   0.060953    0.06235    0.06344   0.064257   0.064844   0.065248   0.065524   0.065732    0.06594   0.066222   0.066663   0.067354   0.068402   0.069922   0.072048   0.074933   0.078749   0.083698   0.090011   0.097958    0.10785    0.12005   0.134979   0.153126   0.175056   0.201423   0.232978   0.270587   0.315239   0.368063   0.430345   0.503538   0.589283   0.689425   0.806027
         0   0.006205   0.012356     0.0184   0.024283   0.029958   0.035381   0.040513   0.045319   0.049772   0.053849   0.057536   0.060826    0.06372   0.066224   0.068353   0.070128   0.071578   0.072739    0.07365   0.074361   0.074926   0.075407   0.075872   0.076397   0.077064    0.07797   0.079221   0.080933   0.083241   0.086301   0.090286     0.0954   0.101877   0.109989    0.12005   0.132425   0.147542    0.16589   0.188042   0.214653   0.246484   0.284405   0.329414   0.382649   0.445402    0.51914   0.605516   0.706386   0.823831
         0   0.006884   0.013711   0.020426   0.026976   0.033309    0.03938   0.045147   0.050575   0.055632   0.060299   0.064558     0.0684   0.071826   0.074842   0.077461   0.079704     0.0816   0.083184   0.084497   0.085588   0.086512   0.087331   0.088113   0.088935   0.089883   0.091052   0.092548   0.094492   0.097021   0.100288   0.104472   0.109776    0.11644   0.124734   0.134979   0.147542   0.162851   0.181404   0.203774   0.230624   0.262719   0.300935   0.346277    0.39989   0.463078   0.537315   0.624263   0.725795   0.844002
         0   0.007712   0.015363   0.022898    0.03026   0.037394   0.044255   0.050797   0.056984   0.062783   0.068169   0.073126   0.077644   0.081721   0.085362    0.08858   0.091397    0.09384   0.095942   0.097748   0.099304   0.100668   0.101899    0.10307   0.104257   0.105546   0.107034    0.10883   0.111054   0.113845   0.117359   0.121775   0.127303   0.134178    0.14268   0.153126    0.16589   0.181404   0.200167   0.222757   0.249843   0.282193   0.320691   0.366346   0.420313   0.483901   0.558593   0.646064   0.748195   0.867091
         0   0.008713   0.017364   0.025892   0.034237   0.042344   0.050162   0.057643    0.06475   0.071446   0.077706   0.083511   0.088849   0.093715   0.098117   0.102063   0.105577   0.108683   0.111417   0.113821   0.115944   0.117841   0.119575   0.121217   0.122845   0.124548   0.126422   0.128577   0.131138   0.134242   0.138049   0.142741   0.148528   0.155649   0.164383   0.175056   0.188042   0.203774   0.222757   0.245573   0.272896   0.305498   0.344267   0.390221   0.444518   0.508477   0.583588   0.671537   0.774212    0.89373
         0   0.009921   0.019774   0.029498   0.039029   0.048307   0.057278   0.065892   0.074107   0.081886   0.089199   0.096026   0.102352   0.108172   0.113491   0.118317   0.122671   0.126579   0.130075   0.133202   0.136007   0.138548   0.140888   0.143099   0.145259   0.147459   0.149797   0.152386   0.155347   0.158826   0.162981   0.167998   0.174087   0.181491   0.190495   0.201423   0.214653   0.230624   0.249843   0.272896    0.30046   0.333313   0.372348   0.418589     0.4732   0.537506   0.613005    0.70139    0.80456    0.92464
         0   0.011367   0.022664   0.033821   0.044772   0.055454   0.065807    0.07578   0.085325   0.094401   0.102978    0.11103   0.118542   0.125507   0.131926   0.137808   0.143171   0.148041   0.152452   0.156446   0.160071   0.163385   0.166453   0.169345   0.172144    0.17494   0.177833   0.180937   0.184378   0.188301   0.192869   0.198267   0.204711   0.212447   0.221759   0.232978   0.246484   0.262719   0.282193   0.305498   0.333313   0.366422   0.405723   0.452244   0.507155   0.571787   0.647648   0.736435   0.840056   0.960648
         0   0.013093   0.026111   0.038979   0.051626   0.063982   0.075987    0.08758   0.098711   0.109337   0.119423   0.128938   0.137867   0.146199   0.153932   0.161074   0.167643   0.173662   0.179167   0.184197   0.188801   0.193038   0.196974    0.20068    0.20424   0.207745     0.2113   0.215017   0.219028   0.223478   0.228533   0.234382   0.241243   0.249365   0.259035   0.270587   0.284405   0.300935   0.320691   0.344267   0.372348   0.405723   0.445293   0.492092   0.547295    0.61224    0.68844     0.7776   0.881636   1.002692
         0   0.015145   0.030208    0.04511   0.059771   0.074119   0.088084   0.101604   0.114622   0.127091   0.138969   0.150225   0.160838   0.170794    0.18009   0.188731   0.196733    0.20412   0.210923   0.217185   0.222955    0.22829   0.233257   0.237931   0.242395   0.246744   0.251083   0.255528   0.260213   0.265287   0.270916   0.277295   0.284644   0.293217   0.303303   0.315239   0.329414   0.346277   0.366346   0.390221   0.418589   0.452244   0.492092   0.539171   0.594664   0.659912   0.736435   0.825944   0.930363   1.051843
         0   0.017574   0.035058   0.052368   0.069415    0.08612   0.102408   0.118209   0.133461   0.148111   0.162112   0.175429   0.188037   0.199917   0.211063   0.221481   0.231181   0.240186   0.248529    0.25625   0.263399   0.270034   0.276223   0.282042   0.287576   0.292924    0.29819   0.303496   0.308976   0.314784   0.321092   0.328094   0.336016   0.345114   0.355683   0.368063   0.382649    0.39989   0.420313   0.444518     0.4732   0.507155   0.547295   0.594664   0.650448   0.715994   0.792829    0.88267   0.987446   1.109317
         0    0.02044   0.040782    0.06093   0.080792   0.100279   0.119307   0.137799   0.155687    0.17291   0.189417   0.205166   0.220126   0.234277   0.247609   0.260121   0.271825   0.282741   0.292901   0.302343    0.31112   0.319289   0.326919   0.334089   0.340885   0.347409   0.353768   0.360088   0.366505   0.373177    0.38028   0.388013   0.396606   0.406318   0.417449   0.430345   0.445402   0.463078   0.483901   0.508477   0.537506   0.571787    0.61224   0.659912   0.715994   0.781841   0.858982   0.949142   1.054256   1.176489
         0   0.023809    0.04751   0.070997   0.094169   0.116926   0.139176   0.160833    0.18182   0.202069   0.221522   0.240131   0.257859    0.27468    0.29058   0.305556   0.319617    0.33278   0.345074   0.356542   0.367233   0.377205   0.386531   0.395288   0.403569   0.411474   0.419117   0.426627   0.434144   0.441831   0.449865   0.458455    0.46783   0.478259   0.490045   0.503538    0.51914   0.537315   0.558593   0.583588   0.613005   0.647648    0.68844   0.736435   0.792829   0.858982   0.936429     1.0269   1.132337   1.254913
         0   0.027757   0.055395   0.082796   0.109846   0.136437   0.162462   0.187828   0.212447   0.236243   0.259149    0.28111    0.30208   0.322031   0.340942   0.358806   0.375628   0.391425   0.406223   0.420064   0.432997   0.445084   0.456395   0.467013   0.477032   0.486556   0.495704   0.504607   0.513411   0.522283   0.531408   0.540997   0.551286    0.56255   0.575097   0.589283   0.605516   0.624263   0.646064   0.671537    0.70139   0.736435     0.7776   0.825944    0.88267   0.949142     1.0269   1.117682   1.223435   1.346334
         0    0.03237   0.064607   0.096581   0.128162   0.159229   0.189666   0.219364   0.248228   0.276167   0.303107   0.328983   0.353743    0.37735   0.399779   0.421017   0.441065   0.459939   0.477662   0.494276   0.509829   0.524384   0.538016   0.550808   0.562856   0.574272   0.585176   0.595705   0.606012   0.616268   0.626663   0.637416   0.648771   0.661005   0.674436   0.689425   0.706386   0.725795   0.748195   0.774212    0.80456   0.840056   0.881636   0.930363   0.987446   1.054256   1.132337   1.223435   1.329498   1.452713
         0   0.037743   0.075336   0.112633   0.149493   0.185773   0.221348   0.256093   0.289899   0.322665   0.354303   0.384739   0.413913   0.441779   0.468304   0.493472   0.517278   0.539735   0.560866   0.580708   0.599313   0.616744   0.633077     0.6484   0.662813    0.67643   0.689379   0.701801   0.713856   0.725721   0.737596   0.749702   0.762293   0.775654   0.790109   0.806027   0.823831   0.844002   0.867091    0.89373    0.92464   0.960648   1.002692   1.051843   1.109317   1.176489   1.254913   1.346334   1.452713    1.57624