         0          0          0          0          0          0          0          0          0          0          0          0          0          0          0          0          0          0          0          0          0          0          0          0          0          0          0          0          0          0          0          0          0          0          0          0          0          0          0          0          0          0          0          0          0          0          0          0          0          0
         0   0.000244   0.000487   0.000726   0.000959   0.001185   0.001404   0.001613    0.00181   0.001996    0.00217    0.00233   0.002479   0.002613   0.002737   0.002848   0.002949   0.003041   0.003126   0.003206   0.003285   0.003365    0.00345   0.003545   0.003653   0.003781   0.003936   0.004125   0.004356   0.004639   0.004985   0.005406   0.005917   0.006535   0.007277   0.008166   0.009226   0.010484   0.011971   0.013723    0.01578   0.018187   0.020994   0.024257    0.02804   0.032411   0.037448   0.043238   0.049875    0.05746
         0   0.000487   0.000969   0.001446    0.00191   0.002362   0.002797   0.003213   0.003606   0.003976   0.004323   0.004643   0.004938   0.005206   0.005451   0.005673   0.005873   0.006056   0.006227   0.006386   0.006543   0.006702   0.006872   0.007059   0.007275   0.007532   0.007841   0.008218   0.008678   0.009243   0.009933   0.010775   0.011796   0.013028   0.014512   0.016288   0.018404   0.020916   0.023887   0.027386   0.031496   0.036303   0.041909   0.048426   0.055981   0.064712   0.074775    0.08634   0.099595   0.114746
         0   0.000726   0.001446   0.002155   0.002848   0.003521   0.004169   0.004788   0.005375   0.005927   0.006442   0.006919   0.007358   0.007758   0.008122   0.008452   0.008751   0.009023   0.009275   0.009513   0.009746   0.009983   0.010235   0.010514   0.010838    0.01122   0.011681   0.012245   0.012934   0.013778   0.014811   0.016069   0.017597   0.019443   0.021662   0.024319   0.027486   0.031247   0.035693   0.040931   0.047081   0.054276   0.062666   0.072421   0.083729   0.096797   0.111859   0.129169   0.149008   0.171685
         0   0.000959    0.00191   0.002848   0.003764   0.004654   0.005511   0.006328   0.007104   0.007833   0.008513   0.009143   0.009721    0.01025    0.01073   0.011164   0.011558   0.011916   0.012249   0.012562   0.012869    0.01318   0.013513   0.013883    0.01431   0.014816   0.015428   0.016175    0.01709   0.018211   0.019583   0.021255   0.023284   0.025737   0.028686   0.032218   0.036427   0.041426   0.047335   0.054298   0.062473   0.072036    0.08319   0.096157   0.111188   0.128561   0.148582   0.171592   0.197964   0.228109
         0   0.001185   0.002362   0.003521   0.004654   0.005754   0.006811   0.007822    0.00878    0.00968    0.01052   0.011297    0.01201   0.012663   0.013253   0.013788   0.014273   0.014715   0.015122   0.015509   0.015886    0.01627   0.016681   0.017138   0.017666   0.018294   0.019053    0.01998   0.021117   0.022511   0.024217   0.026297   0.028823   0.031875   0.035547   0.039944   0.045185   0.051407   0.058765   0.067436   0.077613    0.08952   0.103408   0.119554    0.13827   0.159901    0.18483   0.213481   0.246319   0.283855
         0   0.001404   0.002797   0.004169   0.005511   0.006811   0.008064    0.00926   0.010393   0.011457    0.01245   0.013367    0.01421   0.014978   0.015676   0.016306   0.016878   0.017398   0.017877   0.018332   0.018776   0.019229   0.019714   0.020255   0.020881   0.021627    0.02253   0.023633   0.024988   0.026651   0.028685   0.031168   0.034182   0.037826   0.042209   0.047459   0.053717   0.061148   0.069936   0.080289   0.092445   0.106666   0.123252   0.142536   0.164888   0.190723   0.220496   0.254715   0.293935   0.338764
         0   0.001613   0.003213   0.004788   0.006328   0.007822    0.00926   0.010632   0.011931   0.013152   0.014289   0.015341   0.016306   0.017185   0.017982   0.018703   0.019353   0.019947   0.020494   0.021012    0.02152   0.022038   0.022592   0.023213   0.023934   0.024793   0.025835   0.027112   0.028678   0.030603   0.032961   0.035838   0.039333   0.043557   0.048641    0.05473   0.061989   0.070609   0.080804   0.092814   0.106915   0.123415   0.142657    0.16503   0.190962   0.220935   0.255478   0.295178    0.34068   0.392691
         0    0.00181   0.003606   0.005375   0.007104    0.00878   0.010393   0.011931   0.013388   0.014756    0.01603   0.017207   0.018286   0.019269   0.020158   0.020961   0.021687   0.022347   0.022958   0.023534   0.024099   0.024677   0.025298   0.025995   0.026806   0.027774   0.028951   0.030394   0.032169   0.034349   0.037022   0.040285   0.044251   0.049046   0.054816   0.061727   0.069968   0.079756   0.091331   0.104968   0.120981   0.139716   0.161566   0.186972    0.21642   0.250456   0.289682   0.334764   0.386435   0.445498
         0   0.001996   0.003976   0.005927   0.007833    0.00968   0.011457   0.013152   0.014756   0.016261   0.017662   0.018955    0.02014   0.021218   0.022193   0.023072   0.023867   0.024588   0.025254   0.025884   0.026503   0.027136   0.027818   0.028586   0.029481   0.030555   0.031861   0.033466   0.035441   0.037871   0.040851   0.044492   0.048916   0.054268   0.060709   0.068426   0.077629   0.088558   0.101485   0.116716     0.1346   0.155524   0.179929   0.208304   0.241195    0.27921   0.323022   0.373376   0.431088   0.497058
         0    0.00217   0.004323   0.006442   0.008513    0.01052    0.01245   0.014289    0.01603   0.017662    0.01918    0.02058   0.021862   0.023027   0.024079   0.025028   0.025883    0.02666   0.027377   0.028054   0.028719   0.029404   0.030142   0.030975   0.031952   0.033124   0.034555   0.036316   0.038485   0.041156   0.044435   0.048441   0.053314   0.059209   0.066305   0.074808    0.08495   0.096994    0.11124   0.128027   0.147738   0.170802   0.197701   0.228976   0.265231   0.307133   0.355425   0.410928   0.474542   0.547258
         0    0.00233   0.004643   0.006919   0.009143   0.011297   0.013367   0.015341   0.017207   0.018955    0.02058   0.022079   0.023448   0.024691   0.025814   0.026824   0.027733   0.028558   0.029319   0.030038   0.030747   0.031476   0.032265    0.03316   0.034211   0.035477   0.037027   0.038936   0.041293   0.044198   0.047767   0.052129   0.057436   0.063858   0.071592    0.08086   0.091916   0.105046   0.120578    0.13888    0.16037   0.185517   0.214847   0.248949   0.288479   0.334168   0.386825   0.447344   0.516708   0.595996
         0   0.002479   0.004938   0.007358   0.009721    0.01201    0.01421   0.016306   0.018286    0.02014   0.021862   0.023448   0.024896    0.02621   0.027393   0.028457   0.029414   0.030281    0.03108   0.031836   0.032581   0.033351   0.034187   0.035137   0.036259   0.037614   0.039276   0.041328   0.043865   0.046996   0.050843    0.05555   0.061279   0.068213   0.076566   0.086576   0.098518   0.112703   0.129484   0.149258   0.172478    0.19965    0.23134   0.268188   0.310903   0.360271    0.41717   0.482563   0.557516   0.643191
         0   0.002613   0.005206   0.007758    0.01025   0.012663   0.014978   0.017185   0.019269   0.021218   0.023027   0.024691    0.02621   0.027585   0.028822   0.029933    0.03093   0.031833   0.032664   0.033452   0.034228   0.035033   0.035911   0.036913   0.038099   0.039538   0.041307   0.043496   0.046205   0.049552   0.053669   0.058709   0.064846   0.072275   0.081227   0.091956   0.104756   0.119964   0.137954   0.159156   0.184051   0.213185   0.247164   0.286674   0.332473   0.385409   0.446418   0.516536   0.596904    0.68877
         0   0.002737   0.005451   0.008122    0.01073   0.013253   0.015676   0.017982   0.020158   0.022193   0.024079   0.025814   0.027393   0.028822   0.030106   0.031257   0.032289   0.033221    0.03408   0.034893   0.035697   0.036532   0.037447   0.038496   0.039743   0.041261   0.043131    0.04545   0.048324   0.051879   0.056256   0.061617   0.068145   0.076054   0.085582   0.097006   0.110638   0.126832   0.145992   0.168573   0.195088   0.226118    0.26231   0.304393   0.353175   0.409559   0.474542   0.549228   0.634831    0.73268
         0   0.002848   0.005673   0.008452   0.011164   0.013788   0.016306   0.018703   0.020961   0.023072   0.025028   0.026824   0.028457   0.029933   0.031257   0.032441   0.033502   0.034459    0.03534   0.036175   0.037002   0.037864   0.038812   0.039904   0.041207   0.042798   0.044765   0.047207    0.05024   0.053995   0.058621   0.064289   0.071196   0.079565    0.08965   0.101744   0.116175   0.133322    0.15361   0.177519   0.205597   0.238455   0.276781   0.321344   0.373002    0.43271   0.501525   0.580617   0.671266   0.774886
         0   0.002949   0.005873   0.008751   0.011558   0.014273   0.016878   0.019353   0.021687   0.023867   0.025883   0.027733   0.029414    0.03093   0.032289   0.033502   0.034587   0.035566   0.036464   0.037317   0.038163   0.039049   0.040027   0.041158   0.042513   0.044173   0.046231   0.048792   0.051975   0.055921   0.060787   0.066752   0.074022   0.082833   0.093455   0.106191   0.121393   0.139454   0.160826   0.186015   0.215596   0.250212    0.29059   0.337539   0.391963   0.454869    0.52737   0.610695     0.7062    0.81537
         0   0.003041   0.006056   0.009023   0.011916   0.014715   0.017398   0.019947   0.022347   0.024588    0.02666   0.028558   0.030281   0.031833   0.033221   0.034459   0.035566   0.036561   0.037475   0.038344   0.039207   0.040114   0.041119   0.042286   0.043691   0.045416   0.047561   0.050235   0.053564   0.057693   0.062787   0.069036   0.076655   0.085891   0.097026   0.110381   0.126321   0.145261   0.167673   0.194089    0.22511   0.261414   0.303761   0.352998   0.410077   0.476049   0.552085   0.639474   0.739636   0.854128
         0   0.003126   0.006227   0.009275   0.012249   0.015122   0.017877   0.020494   0.022958   0.025254   0.027377   0.029319    0.03108   0.032664    0.03408    0.03534   0.036464   0.037475   0.038404   0.039287   0.040165   0.041092   0.042122   0.043324   0.044776   0.046566   0.048793   0.051575   0.055043   0.059347   0.064662   0.071182   0.079135   0.088779   0.100406   0.114352      0.131   0.150781   0.174188    0.20178    0.23418   0.272099   0.316329   0.367757   0.427374   0.496282     0.5757   0.666976   0.771594   0.891178
         0   0.003206   0.006386   0.009513   0.012562   0.015509   0.018332   0.021012   0.023534   0.025884   0.028054   0.030038   0.031836   0.033452   0.034893   0.036175   0.037317   0.038344   0.039287   0.040183   0.041078   0.042023   0.043079   0.044315   0.045814   0.047664   0.049972   0.052859    0.05646   0.060933   0.066458   0.073241   0.081514   0.091546   0.103644   0.118156   0.135478   0.156064   0.180423   0.209135   0.242854   0.282315   0.328342   0.381861   0.443902   0.515611   0.598257   0.693242   0.802112   0.926558
         0   0.003285   0.006543   0.009746   0.012869   0.015886   0.018776    0.02152   0.024099   0.026503   0.028719   0.030747   0.032581   0.034228   0.035697   0.037002   0.038163   0.039207   0.040165   0.041078   0.041989   0.042956   0.044038    0.04531   0.046854   0.048766   0.051153   0.054141   0.057871   0.062508   0.068236   0.075268   0.083848   0.094253     0.1068   0.121853   0.139821   0.161172   0.186438   0.216219   0.251193   0.292121   0.339862   0.395372    0.45972   0.534095   0.619814   0.718332   0.831248   0.960319
         0   0.003365   0.006702   0.009983    0.01318    0.01627   0.019229   0.022038   0.024677   0.027136   0.029404   0.031476   0.033351   0.035033   0.036532   0.037864   0.039049   0.040114   0.041092   0.042023   0.042956   0.043946   0.045059   0.046368   0.047959   0.049932   0.052398   0.055486   0.059343   0.064137   0.070061   0.077333   0.086207   0.096969   0.109946   0.125513   0.144095   0.166176   0.192306   0.223103   0.259269   0.301594   0.350961   0.408362   0.474902   0.551809   0.640446   0.742318   0.859077    0.99254
         0    0.00345   0.006872   0.010235   0.013513   0.016681   0.019714   0.022592   0.025298   0.027818   0.030142   0.032265   0.034187   0.035911   0.037447   0.038812   0.040027   0.041119   0.042122   0.043079   0.044038   0.045059   0.046205   0.047556   0.049199   0.051235   0.053782   0.056969   0.060951   0.065899   0.072013   0.079517   0.088673   0.099776   0.113164   0.129221   0.148388   0.171164   0.198111   0.229874   0.267172   0.310819   0.361729   0.420922   0.489539   0.568845   0.660246   0.765292   0.885691   1.023313
         0   0.003545   0.007059   0.010514   0.013883   0.017138   0.020255   0.023213   0.025995   0.028586   0.030975    0.03316   0.035137   0.036913   0.038496   0.039904   0.041158   0.042286   0.043324   0.044315    0.04531   0.046368   0.047556   0.048954   0.050654   0.052758   0.055387   0.058677   0.062782   0.067883   0.074182   0.081912   0.091339   0.102768   0.116548   0.133074   0.152797    0.17623   0.203956   0.236632   0.275002   0.319902    0.37227   0.433157   0.503737    0.58531   0.679323   0.787369   0.911206   1.052756
         0   0.003653   0.007275   0.010838    0.01431   0.017666   0.020881   0.023934   0.026806   0.029481   0.031952   0.034211   0.036259   0.038099   0.039743   0.041207   0.042513   0.043691   0.044776   0.045814   0.046854   0.047959   0.049199   0.050654   0.052417   0.054596   0.057314   0.060708    0.06494   0.070192   0.076672    0.08462   0.094311   0.106055   0.120209   0.137182   0.157433   0.181491   0.209954   0.243495   0.282878   0.328959   0.382705   0.445191    0.51762   0.601332   0.697806   0.808681   0.935756   1.081008
         0   0.003781   0.007532    0.01122   0.014816   0.018294   0.021627   0.024793   0.027774   0.030555   0.033124   0.035477   0.037614   0.039538   0.041261   0.042798   0.044173   0.045416   0.046566   0.047664   0.048766   0.049932   0.051235   0.052758   0.054596    0.05686   0.059673   0.063177   0.067538   0.072943   0.079605   0.087768   0.097714   0.109761   0.124275   0.141672   0.162428   0.187079   0.216239   0.250596   0.290935   0.338132   0.393174   0.457165   0.531337   0.617058   0.715848   0.829381   0.959501   1.108232
         0   0.003936   0.007841   0.011681   0.015428   0.019053    0.02253   0.025835   0.028951   0.031861   0.034555   0.037027   0.039276   0.041307   0.043131   0.044765   0.046231   0.047561   0.048793   0.049972   0.051153   0.052398   0.053782   0.055387   0.057314   0.059673   0.062591   0.066215   0.070711   0.076272   0.083116   0.091493   0.101688   0.114029   0.128889   0.146694   0.167929   0.193143   0.222961   0.258092   0.299331   0.347577   0.403839   0.469245   0.545052    0.63266   0.733621   0.849648   0.982624   1.134617
         0   0.004125   0.008218   0.012245   0.016175    0.01998   0.023633   0.027112   0.030394   0.033466   0.036316   0.038936   0.041328   0.043496    0.04545   0.047207   0.048792   0.050235   0.051575   0.052859   0.054141   0.055486   0.056969   0.058677   0.060708   0.063177   0.066215   0.069968   0.074609   0.080333   0.087362   0.095952   0.106395   0.119023   0.134219   0.152415   0.174106   0.199855   0.230298   0.266156   0.308245   0.357478   0.414885   0.481617   0.558957   0.648333   0.751327   0.869687   1.005333   1.160377
         0   0.004356   0.008678   0.012934    0.01709   0.021117   0.024988   0.028678   0.032169   0.035441   0.038485   0.041293   0.043865   0.046205   0.048324    0.05024   0.051975   0.053564   0.055043    0.05646   0.057871   0.059343   0.060951   0.062782    0.06494   0.067538   0.070711   0.074609   0.079407   0.085303   0.092523    0.10133   0.112019    0.12493   0.140452   0.159026   0.181155   0.207414   0.238448   0.274995   0.317882   0.368042   0.426523   0.494497   0.573272     0.6643   0.769193   0.889731    1.02787   1.185759
         0   0.004639   0.009243   0.013778   0.018211   0.022511   0.026651   0.030603   0.034349   0.037871   0.041156   0.044198   0.046996   0.049552   0.051879   0.053995   0.055921   0.057693   0.059347   0.060933   0.062508   0.064137   0.065899   0.067883   0.070192   0.072943   0.076272   0.080333   0.085303   0.091383   0.098806   0.107835   0.118774   0.131966   0.147807   0.166748   0.189299   0.216043    0.24764   0.284836   0.328476   0.379507   0.438994    0.50813   0.588244   0.680814   0.787477   0.910045   1.050506   1.211044
         0   0.004985   0.009933   0.014811   0.019583   0.024217   0.028685   0.032961   0.037022   0.040851   0.044435   0.047767   0.050843   0.053669   0.056256   0.058621   0.060787   0.062787   0.064662   0.066458   0.068236   0.070061   0.072013   0.074182   0.076672   0.079605   0.083116   0.087362   0.092523   0.098806   0.106444   0.115706   0.126899   0.140374   0.156532   0.175831   0.198791      0.226   0.258133   0.295946   0.340294   0.392143   0.452573   0.522796   0.604159   0.698165   0.806476   0.930931   1.073548   1.236547
         0   0.005406   0.010775   0.016069   0.021255   0.026297   0.031168   0.035838   0.040285   0.044492   0.048441   0.052129    0.05555   0.058709   0.061617   0.064289   0.066752   0.069036   0.071182   0.073241   0.075268   0.077333   0.079517   0.081912    0.08462   0.087768   0.091493   0.095952    0.10133   0.107835   0.115706   0.125213   0.136671   0.150435   0.166912   0.186564   0.209921   0.237582   0.270226   0.308624   0.353643    0.40626   0.467574    0.53881   0.621338    0.71668   0.826523   0.952728   1.097348   1.262626
         0   0.005917   0.011796   0.017597   0.023284   0.028823   0.034182   0.039333   0.044251   0.048916   0.053314   0.057436   0.061279   0.064846   0.068145   0.071196   0.074022   0.076655   0.079135   0.081514   0.083848   0.086207   0.088673   0.091339   0.094311   0.097714   0.101688   0.106395   0.112019   0.118774   0.126899   0.136671   0.148408    0.16247   0.179269   0.199275   0.223023   0.251122   0.284259   0.323215   0.368868   0.422211   0.484352   0.556535   0.640149   0.736733   0.847996   0.975825   1.122297   1.289684
         0   0.006535   0.013028   0.019443   0.025737   0.031875   0.037826   0.043557   0.049046   0.054268   0.059209   0.063858   0.068213   0.072275   0.076054   0.079565   0.082833   0.085891   0.088779   0.091546   0.094253   0.096969   0.099776   0.102768   0.106055   0.109761   0.114029   0.119023    0.12493   0.131966   0.140374   0.150435    0.16247   0.176844   0.193975   0.214338   0.238476   0.267003   0.300618   0.340109   0.386366   0.440393   0.503313   0.576382   0.661007   0.758745   0.871326   1.000657   1.148839   1.318175
         0   0.007277   0.014512   0.021662   0.028686   0.035547   0.042209   0.048641   0.054816   0.060709   0.066305   0.071592   0.076566   0.081227   0.085582    0.08965   0.093455   0.097026   0.100406   0.103644     0.1068   0.109946   0.113164   0.116548   0.120209   0.124275   0.128889   0.134219   0.140452   0.147807   0.156532   0.166912   0.179269   0.193975   0.211451   0.232181    0.25671   0.285664   0.319746   0.359754   0.406589   0.461265   0.524917   0.598818   0.684385   0.783196   0.896996   1.027717   1.177479   1.348609
         0   0.008166   0.016288   0.024319   0.032218   0.039944   0.047459    0.05473   0.061727   0.068426   0.074808    0.08086   0.086576   0.091956   0.097006   0.101744   0.106191   0.110381   0.114352   0.118156   0.121853   0.125513   0.129221   0.133074   0.137182   0.141672   0.146694   0.152415   0.159026   0.166748   0.175831   0.186564   0.199275   0.214338   0.232181    0.25329    0.27822   0.307601   0.342143   0.382656   0.430048   0.485343   0.549688   0.624369   0.710817   0.810626   0.925558   1.057561   1.208779   1.381562
         0   0.009226   0.018404   0.027486   0.036427   0.045185   0.053717   0.061989   0.069968   0.077629    0.08495   0.091916   0.098518   0.104756   0.110638   0.116175   0.121393   0.126321      0.131   0.135478   0.139821   0.144095   0.148388   0.152797   0.157433   0.162428   0.167929   0.174106   0.181155   0.189299   0.198791   0.209921   0.223023   0.238476    0.25671    0.27822   0.303565   0.333378   0.368383   0.409393   0.457326   0.513215    0.57822   0.653636   0.740909   0.841646   0.957628   1.090818   1.243378    1.41768
         0   0.010484   0.020916   0.031247   0.041426   0.051407   0.061148   0.070609   0.079756   0.088558   0.096994   0.105046   0.112703   0.119964   0.126832   0.133322   0.139454   0.145261   0.150781   0.156064   0.161172   0.166176   0.171164    0.17623   0.181491   0.187079   0.193143   0.199855   0.207414   0.216043      0.226   0.237582   0.251122   0.267003   0.285664   0.307601   0.333378   0.363641   0.399112   0.440617   0.489081   0.545546   0.611183   0.687296   0.775346   0.876951   0.993907   1.128194   1.281991   1.457688
         0   0.011971   0.023887   0.035693   0.047335   0.058765   0.069936   0.080804   0.091331   0.101485    0.11124   0.120578   0.129484   0.137954   0.145992    0.15361   0.160826   0.167673   0.174188   0.180423   0.186438   0.192306   0.198111   0.203956   0.209954   0.216239   0.222961   0.230298   0.238448    0.24764   0.258133   0.270226   0.284259   0.300618   0.319746   0.342143   0.368383   0.399112   0.435065   0.477069   0.526061    0.58309   0.649336   0.726117     0.8149   0.917319   1.035182   1.170485   1.325423   1.502403
         0   0.013723   0.027386   0.040931   0.054298   0.067436   0.080289   0.092814   0.104968   0.116716   0.128027    0.13888   0.149258   0.159156   0.168573   0.177519   0.186015   0.194089    0.20178   0.209135   0.216219   0.223103   0.229874   0.236632   0.243495   0.250596   0.258092   0.266156   0.274995   0.284836   0.295946   0.308624   0.323215   0.340109   0.359754   0.382656   0.409393   0.440617   0.477069   0.519586   0.569108   0.626697   0.693538   0.770959   0.860442   0.963628    1.08234   1.218587   1.374578   1.552736
         0    0.01578   0.031496   0.047081   0.062473   0.077613   0.092445   0.106915   0.120981     0.1346   0.147738    0.16037   0.172478   0.184051   0.195088   0.205597   0.215596    0.22511    0.23418   0.242854   0.251193   0.259269   0.267172   0.275002   0.282878   0.290935   0.299331   0.308245   0.317882   0.328476   0.340294   0.353643   0.368868   0.386366   0.406589   0.430048   0.457326   0.489081   0.526061   0.569108   0.619172   0.677321    0.74475   0.822796   0.912949   1.016864   1.136373   1.273499   1.430467   1.609712
         0   0.018187   0.036303   0.054276   0.072036    0.08952   0.106666   0.123415   0.139716   0.155524   0.170802   0.185517    0.19965   0.213185   0.226118   0.238455   0.250212   0.261414   0.272099   0.282315   0.292121   0.301594   0.310819   0.319902   0.328959   0.338132   0.347577   0.357478   0.368042   0.379507   0.392143    0.40626   0.422211   0.440393   0.461265   0.485343   0.513215   0.545546    0.58309   0.626697   0.677321    0.73604   0.804057   0.882718   0.973521   1.078133   1.198398   1.336347   1.494221   1.674468
         0   0.020994   0.041909   0.062666    0.08319   0.103408   0.123252   0.142657   0.161566   0.179929   0.197701   0.214847    0.23134   0.247164    0.26231   0.276781    0.29059   0.303761   0.316329   0.328342   0.339862   0.350961   0.361729    0.37227   0.382705   0.393174   0.403839   0.414885   0.426523   0.438994   0.452573   0.467574   0.484352   0.503313   0.524917   0.549688    0.57822   0.611183   0.649336   0.693538    0.74475   0.804057    0.87267   0.951943   1.043385   1.148671   1.269657   1.408383   1.567103   1.748279
         0   0.024257   0.048426   0.072421   0.096157   0.119554   0.142536    0.16503   0.186972   0.208304   0.228976   0.248949   0.268188   0.286674   0.304393   0.321344   0.337539   0.352998   0.367757   0.381861   0.395372   0.408362   0.420922   0.433157   0.445191   0.457165   0.469245   0.481617   0.494497    0.50813   0.522796    0.53881   0.556535   0.576382   0.598818   0.624369   0.653636   0.687296   0.726117   0.770959   0.822796   0.882718   0.951943   1.031835   1.123913   1.229859   1.351537   1.491004    1.65052    1.83256
         0    0.02804   0.055981   0.083729   0.111188    0.13827   0.164888   0.190962    0.21642   0.241195   0.265231   0.288479   0.310903   0.332473   0.353175   0.373002   0.391963   0.410077   0.427374   0.443902    0.45972   0.474902   0.489539   0.503737    0.51762   0.531337   0.545052   0.558957   0.573272   0.588244   0.604159   0.621338   0.640149   0.661007   0.684385   0.710817   0.740909   0.775346     0.8149   0.860442   0.912949   0.973521   1.043385   1.123913    1.21663   1.323229   1.445584   1.585762   1.746032   1.928882
         0   0.032411   0.064712   0.096797   0.128561   0.159901   0.190723   0.220935   0.250456    0.27921   0.307133   0.334168   0.360271   0.385409   0.409559    0.43271   0.454869   0.476049   0.496282   0.515611   0.534095   0.551809   0.568845    0.58531   0.601332   0.617058    0.63266   0.648333     0.6643   0.680814   0.698165    0.71668   0.736733   0.758745   0.783196   0.810626   0.841646   0.876951   0.917319   0.963628   1.016864   1.078133   1.148671   1.229859   1.323229   1.430485   1.553508   1.694377   1.855369   2.038984
         0   0.037448   0.074775   0.111859   0.148582    0.18483   0.220496   0.255478   0.289682   0.323022   0.355425   0.386825    0.41717   0.446418   0.474542   0.501525    0.52737   0.552085     0.5757   0.598257   0.619814   0.640446   0.660246   0.679323   0.697806   0.715848   0.733621   0.751327   0.769193   0.787477   0.806476   0.826523   0.847996   0.871326   0.896996   0.925558   0.957628   0.993907   1.035182    1.08234   1.136373   1.198398   1.269657   1.351537   1.445584   1.553508   1.677202    1.81875   1.980441   2.164786
         0   0.043238    0.08634   0.129169   0.171592   0.213481   0.254715   0.295178   0.334764   0.373376   0.410928   0.447344   0.482563   0.516536   0.549228   0.580617   0.610695   0.639474   0.666976   0.693242   0.718332   0.742318   0.765292   0.787369   0.808681   0.829381   0.849648   0.869687   0.889731   0.910045   0.930931   0.952728   0.975825   1.000657   1.027717   1.057561   1.090818   1.128194   1.170485   1.218587   1.273499   1.336347   1.408383   1.491004   1.585762   1.694377    1.81875   1.960975   2.123353   2.308401
         0   0.049875   0.099595   0.149008   0.197964   0.246319   0.293935    0.34068   0.386435   0.431088   0.474542   0.516708   0.557516   0.596904   0.634831   0.671266     0.7062   0.739636   0.771594   0.802112   0.831248   0.859077   0.885691   0.911206   0.935756   0.959501   0.982624   1.005333    1.02787   1.050506   1.073548   1.097348   1.122297   1.148839   1.177479   1.208779   1.243378   1.281991   1.325423   1.374578   1.430467   1.494221   1.567103    1.65052   1.746032   1.855369   1.980441   2.123353   2.286412   2.472148
         0    0.05746   0.114746   0.171685   0.228109   0.283855   0.338764   0.392691   0.445498   0.497058   0.547258   0.595996   0.643191    0.68877    0.73268   0.774886    0.81537   0.854128   0.891178   0.926558   0.960319    0.99254   1.023313   1.052756   1.081008   1.108232   1.134617   1.160377   1.185759   1.211044   1.236547   1.262626   1.289684   1.318175   1.348609   1.381562    1.41768   1.457688   1.502403   1.552736   1.609712   1.674468   1.748279    1.83256   1.928882   2.038984   2.164786   2.308401   2.472148   2.658564