         0          0          0          0          0          0          0          0          0          0          0          0          0          0          0          0          0          0          0          0          0          0          0          0          0          0          0          0          0          0          0          0          0          0          0          0          0          0          0          0          0          0          0          0          0          0          0          0          0          0
         0   0.001705   0.003375   0.004977   0.006477   0.007851   0.009077   0.010139   0.011027   0.011739   0.012276   0.012648   0.012867   0.012951    0.01292   0.012793   0.012594   0.012343   0.012061   0.011765   0.011472   0.011195   0.010941   0.010721   0.010537    0.01039   0.010282   0.010209   0.010169   0.010158   0.010171   0.010204   0.010251   0.010309   0.010373   0.010441    0.01051   0.010577    0.01064     0.0107   0.010756   0.010806   0.010854   0.010898   0.010942   0.010986   0.011035   0.011092   0.011162   0.011253
         0   0.003375    0.00668   0.009848   0.012817   0.015534   0.017957   0.020053   0.021805   0.023207   0.024262   0.024988   0.025413    0.02557   0.025496   0.025234    0.02483   0.024324   0.023756   0.023162   0.022574   0.022017    0.02151   0.021068   0.020698   0.020405   0.020188   0.020043   0.019963   0.019941   0.019967   0.020032   0.020126   0.020242    0.02037   0.020505   0.020642   0.020776   0.020903   0.021022   0.021133   0.021234   0.021328   0.021417   0.021503   0.021592    0.02169   0.021803   0.021943   0.022124
         0   0.004977   0.009848   0.014516    0.01889    0.02289   0.026452   0.029532   0.032099   0.034146   0.035682   0.036731   0.037332   0.037537   0.037402    0.03699   0.036367   0.035595   0.034734   0.033837    0.03295   0.032111   0.031349   0.030685    0.03013   0.029689   0.029364   0.029145   0.029025   0.028991   0.029029   0.029125   0.029267   0.029439   0.029631   0.029833   0.030037   0.030236   0.030426   0.030604   0.030769   0.030921   0.031061   0.031194   0.031323   0.031455   0.031599   0.031768   0.031977   0.032249
         0   0.006477   0.012817    0.01889   0.024575   0.029769    0.03439   0.038375    0.04169   0.044322   0.046284   0.047606   0.048344   0.048563   0.048338   0.047753   0.046894   0.045844   0.044679   0.043471   0.042282   0.041158   0.040138   0.039249   0.038508   0.037921   0.037485   0.037193   0.037033   0.036987   0.037037   0.037164    0.03735   0.037578   0.037833     0.0381    0.03837   0.038634   0.038885   0.039121   0.039339    0.03954   0.039727   0.039902   0.040073   0.040248   0.040439   0.040663   0.040939   0.041297
         0   0.007851   0.015534    0.02289   0.029769   0.036048   0.041622   0.046419   0.050393   0.053532    0.05585   0.057388   0.058211   0.058401   0.058051   0.057266   0.056149   0.054803   0.053323   0.051796   0.050296   0.048883   0.047604   0.046491   0.045563   0.044828   0.044283   0.043918   0.043716   0.043657   0.043718   0.043874   0.044105   0.044388   0.044703   0.045035   0.045369   0.045696   0.046007   0.046299    0.04657   0.046819    0.04705   0.047267   0.047479   0.047695   0.047932   0.048209   0.048551   0.048995
         0   0.009077   0.017957   0.026452    0.03439   0.041622   0.048029   0.053525   0.058057   0.061613   0.064207   0.065892   0.066742   0.066854   0.066341   0.065323   0.063923   0.062263   0.060454   0.058599   0.056783   0.055077   0.053536   0.052198   0.051083     0.0502   0.049546   0.049108   0.048865   0.048792   0.048863   0.049048   0.049322   0.049657   0.050031   0.050425   0.050822    0.05121    0.05158   0.051927   0.052249   0.052545   0.052818   0.053076   0.053327   0.053584   0.053865   0.054193   0.054599   0.055123
         0   0.010139   0.020053   0.029532   0.038375   0.046419   0.053525   0.059596   0.064577   0.068449   0.071233   0.072989   0.073802   0.073785   0.073065    0.07178   0.070073   0.068079   0.065928   0.063735   0.061597   0.059596   0.057793   0.056228   0.054927   0.053897   0.053136   0.052624    0.05234   0.052253   0.052333   0.052546    0.05286   0.053246   0.053677   0.054132   0.054589   0.055037   0.055464   0.055864   0.056234   0.056575    0.05689   0.057188   0.057476   0.057772   0.058095   0.058472   0.058939   0.059543
         0   0.011027   0.021805   0.032099    0.04169   0.050393   0.058057   0.064577   0.069888   0.073972   0.076857   0.078606   0.079318   0.079117   0.078147   0.076563   0.074522   0.072176    0.06967   0.067131   0.064668    0.06237   0.060303   0.058514   0.057028   0.055854   0.054984   0.054401   0.054075   0.053975   0.054064   0.054302   0.054656   0.055091   0.055577   0.056089   0.056605    0.05711   0.057591   0.058042    0.05846   0.058844     0.0592   0.059533   0.059859   0.060192   0.060556    0.06098   0.061504   0.062183
         0   0.011739   0.023207   0.034146   0.044322   0.053532   0.061613   0.068449   0.073972   0.078166    0.08106   0.082726   0.083272   0.082835   0.081575   0.079659   0.077262   0.074549   0.071677   0.068786   0.065995     0.0634   0.061073   0.059062   0.057394   0.056077   0.055101   0.054447   0.054081   0.053967   0.054064   0.054327   0.054719   0.055201    0.05574   0.056307   0.056879   0.057439   0.057972   0.058472   0.058934    0.05936   0.059753   0.060123   0.060483   0.060852   0.061254   0.061723   0.062303   0.063052
         0   0.012276   0.024262   0.035682   0.046284    0.05585   0.064207   0.071233   0.076857    0.08106   0.083877   0.085385   0.085705   0.084986   0.083396   0.081121   0.078347   0.075254   0.072011   0.068767   0.065648   0.062758   0.060173   0.057943   0.056097   0.054641   0.053564   0.052841   0.052437    0.05231   0.052413   0.052701   0.053129   0.053656   0.054245   0.054865   0.055491   0.056102   0.056685   0.057231   0.057736     0.0582    0.05863   0.059035   0.059427   0.059829   0.060267   0.060778    0.06141   0.062226
         0   0.012648   0.024988   0.036731   0.047606   0.057388   0.065892   0.072989   0.078606   0.082726   0.085385   0.086671   0.086711   0.085666   0.083717   0.081061   0.077895   0.074414   0.070795   0.067196   0.063754   0.060574   0.057737   0.055295   0.053278   0.051688   0.050513   0.049725   0.049283   0.049143   0.049254   0.049564   0.050027   0.050598   0.051235   0.051906   0.052581   0.053242   0.053872   0.054463   0.055008    0.05551   0.055973   0.056409   0.056832   0.057265   0.057738   0.058288   0.058967   0.059846
         0   0.012867   0.025413   0.037332   0.048344   0.058211   0.066742   0.073802   0.079318   0.083272   0.085705   0.086711   0.086427   0.085021   0.082687   0.079633   0.076069   0.072195   0.068201   0.064254   0.060494   0.057032   0.053952   0.051306   0.049123   0.047406   0.046138   0.045288   0.044812   0.044661    0.04478   0.045113   0.045609    0.04622   0.046903   0.047621   0.048345   0.049053   0.049727   0.050358   0.050942   0.051478   0.051974    0.05244   0.052892   0.053355   0.053858   0.054444   0.055169   0.056106
         0   0.012951    0.02557   0.037537   0.048563   0.058401   0.066854   0.073785   0.079117   0.082835   0.084986   0.085666   0.085021   0.083228   0.080494   0.077034   0.073066   0.068804   0.064442   0.060155   0.056087   0.052354    0.04904   0.046202   0.043863   0.042026   0.040671   0.039763   0.039257   0.039096   0.039222   0.039578   0.040106   0.040757   0.041483   0.042246   0.043016   0.043768   0.044483   0.045153   0.045772   0.046341   0.046867    0.04736    0.04784    0.04833   0.048862   0.049482   0.050248   0.051237
         0    0.01292   0.025496   0.037402   0.048338   0.058051   0.066341   0.073065   0.078147   0.081575   0.083396   0.083717   0.082687   0.080494   0.077351   0.073482   0.069117   0.064474   0.059755    0.05514   0.050778   0.046788   0.043255   0.040234   0.037749   0.035802   0.034367   0.033408   0.032873   0.032705   0.032841   0.033218   0.033778   0.034466   0.035233   0.036039   0.036852   0.037644   0.038399   0.039105   0.039758   0.040357   0.040911   0.041429   0.041933   0.042448   0.043008   0.043658   0.044462     0.0455
         0   0.012793   0.025234    0.03699   0.047753   0.057266   0.065323    0.07178   0.076563   0.079659   0.081121   0.081061   0.079633   0.077034   0.073482   0.069212   0.064459   0.059448   0.054389   0.049463   0.044825   0.040594   0.036857   0.033668    0.03105      0.029   0.027494    0.02649   0.025932   0.025759   0.025905   0.026304   0.026893   0.027617   0.028423   0.029269   0.030122   0.030953   0.031745   0.032485   0.033168   0.033795   0.034374   0.034917   0.035444   0.035981   0.036565   0.037244   0.038082   0.039164
         0   0.012594    0.02483   0.036367   0.046894   0.056149   0.063923   0.070073   0.074522   0.077262   0.078347   0.077895   0.076069   0.073066   0.069117   0.064459   0.059335   0.053977   0.048596    0.04338   0.038485   0.034032   0.030108   0.026765   0.024027   0.021887   0.020318   0.019274   0.018698   0.018523    0.01868   0.019101    0.01972   0.020478   0.021321   0.022205   0.023095   0.023963   0.024787   0.025558    0.02627   0.026923   0.027525    0.02809   0.028638   0.029196   0.029802   0.030507   0.031376   0.032497
         0   0.012343   0.024324   0.035595   0.045844   0.054803   0.062263   0.068079   0.072176   0.074549   0.075254   0.074414   0.072195   0.068804   0.064474   0.059448   0.053977   0.048293   0.042616   0.037134   0.032004    0.02735   0.023257   0.019778   0.016933   0.014714    0.01309   0.012014   0.011424   0.011249    0.01142   0.011863   0.012511   0.013301   0.014179   0.015099   0.016024   0.016925   0.017781   0.018581   0.019319   0.019995   0.020619   0.021204   0.021771   0.022347   0.022974   0.023701   0.024598   0.025756
         0   0.012061   0.023756   0.034734   0.044679   0.053323   0.060454   0.065928    0.06967   0.071677   0.072011   0.070795   0.068201   0.064442   0.059755   0.054389   0.048596   0.042616   0.036669   0.030946   0.025606   0.020772    0.01653   0.012932   0.009994   0.007708    0.00604   0.004937   0.004337   0.004168   0.004353   0.004819   0.005494   0.006316   0.007227    0.00818   0.009137   0.010069   0.010955    0.01178   0.012542   0.013241   0.013884   0.014487    0.01507   0.015664   0.016308   0.017057   0.017979   0.019168
         0   0.011765   0.023162   0.033837   0.043471   0.051796   0.058599   0.063735   0.067131   0.068786   0.068767   0.067196   0.064254   0.060155    0.05514   0.049463    0.04338   0.037134   0.030946    0.02501   0.019485   0.014494   0.010124   0.006422   0.003408   0.001065  -0.000639  -0.001759  -0.002363  -0.002527  -0.002325  -0.001837  -0.001133  -0.000282    0.00066   0.001645   0.002632   0.003592   0.004504   0.005355   0.006139   0.006857   0.007518   0.008137   0.008735   0.009345   0.010006   0.010771   0.011715   0.012933
         0   0.011472   0.022574    0.03295   0.042282   0.050296   0.056783   0.061597   0.064668   0.065995   0.065648   0.063754   0.060494   0.056087   0.050778   0.044825   0.038485   0.032004   0.025606   0.019485   0.013801   0.008677   0.004198   0.000411  -0.002668  -0.005053  -0.006784  -0.007917  -0.008521  -0.008673  -0.008454  -0.007943  -0.007213  -0.006333  -0.005361  -0.004347  -0.003332  -0.002345  -0.001409  -0.000537   0.000266   0.001003    0.00168   0.002314   0.002926   0.003549   0.004223   0.005005   0.005969   0.007211
         0   0.011195   0.022017   0.032111   0.041158   0.048883   0.055077   0.059596    0.06237     0.0634   0.062758   0.060574   0.057032   0.052354   0.046788   0.040594   0.034032    0.02735   0.020772   0.014494   0.008677   0.003442  -0.001126  -0.004981   -0.00811  -0.010528  -0.012277  -0.013415  -0.014014  -0.014155  -0.013916  -0.013382  -0.012626  -0.011718  -0.010719  -0.009678  -0.008637  -0.007626  -0.006667  -0.005775  -0.004954  -0.004202   -0.00351  -0.002863  -0.002238  -0.001604  -0.000916   -0.00012    0.00086   0.002123
         0   0.010941    0.02151   0.031349   0.040138   0.047604   0.053536   0.057793   0.060303   0.061073   0.060173   0.057737   0.053952    0.04904   0.043255   0.036857   0.030108   0.023257    0.01653   0.010124   0.004198  -0.001126  -0.005765  -0.009673  -0.012838  -0.015278  -0.017038  -0.018176  -0.018767  -0.018891  -0.018634  -0.018075  -0.017294  -0.016361  -0.015334  -0.014268  -0.013204   -0.01217  -0.011192  -0.010281  -0.009444  -0.008677  -0.007973  -0.007315   -0.00668  -0.006034  -0.005336  -0.004527  -0.003533  -0.002251
         0   0.010721   0.021068   0.030685   0.039249   0.046491   0.052198   0.056228   0.058514   0.059062   0.057943   0.055295   0.051306   0.046202   0.040234   0.033668   0.026765   0.019778   0.012932   0.006422   0.000411  -0.004981  -0.009673  -0.013618  -0.016808  -0.019262  -0.021024  -0.022156  -0.022736  -0.022843  -0.022564  -0.021983  -0.021177  -0.020219  -0.019169  -0.018079  -0.016993   -0.01594  -0.014943  -0.014016  -0.013163  -0.012384  -0.011669     -0.011  -0.010355    -0.0097  -0.008992  -0.008173  -0.007166  -0.005868
         0   0.010537   0.020698    0.03013   0.038508   0.045563   0.051083   0.054927   0.057028   0.057394   0.056097   0.053278   0.049123   0.043863   0.037749    0.03105   0.024027   0.016933   0.009994   0.003408  -0.002668   -0.00811  -0.012838  -0.016808  -0.020013  -0.022471   -0.02423  -0.025352  -0.025916  -0.026004  -0.025705    -0.0251  -0.024271  -0.023288  -0.022215  -0.021105  -0.019998  -0.018927  -0.017914  -0.016972  -0.016107  -0.015316   -0.01459  -0.013912  -0.013259  -0.012596   -0.01188  -0.011052  -0.010034  -0.008722
         0    0.01039   0.020405   0.029689   0.037921   0.044828     0.0502   0.053897   0.055854   0.056077   0.054641   0.051688   0.047406   0.042026   0.035802      0.029   0.021887   0.014714   0.007708   0.001065  -0.005053  -0.010528  -0.015278  -0.019262  -0.022471  -0.024927  -0.026677  -0.027786  -0.028332    -0.0284  -0.028079  -0.027452    -0.0266  -0.025596  -0.024502  -0.023372  -0.022246  -0.021159   -0.02013  -0.019175  -0.018299  -0.017498  -0.016763  -0.016078  -0.015417  -0.014747  -0.014024  -0.013189  -0.012161  -0.010837
         0   0.010282   0.020188   0.029364   0.037485   0.044283   0.049546   0.053136   0.054984   0.055101   0.053564   0.050513   0.046138   0.040671   0.034367   0.027494   0.020318    0.01309    0.00604  -0.000639  -0.006784  -0.012277  -0.017038  -0.021024   -0.02423  -0.026677  -0.028414  -0.029506  -0.030033   -0.03008  -0.029737  -0.029089  -0.028216   -0.02719  -0.026077  -0.024929  -0.023787  -0.022684  -0.021643  -0.020677   -0.01979   -0.01898  -0.018237  -0.017545  -0.016878  -0.016202  -0.015473  -0.014631  -0.013595  -0.012262
         0   0.010209   0.020043   0.029145   0.037193   0.043918   0.049108   0.052624   0.054401   0.054447   0.052841   0.049725   0.045288   0.039763   0.033408    0.02649   0.019274   0.012014   0.004937  -0.001759  -0.007917  -0.013415  -0.018176  -0.022156  -0.025352  -0.027786  -0.029506   -0.03058  -0.031087  -0.031113  -0.030748  -0.030079  -0.029186  -0.028141   -0.02701  -0.025845  -0.024688  -0.023572  -0.022519  -0.021543  -0.020647  -0.019829  -0.019079  -0.018381  -0.017709  -0.017028  -0.016293  -0.015446  -0.014403  -0.013062
         0   0.010169   0.019963   0.029025   0.037033   0.043716   0.048865    0.05234   0.054075   0.054081   0.052437   0.049283   0.044812   0.039257   0.032873   0.025932   0.018698   0.011424   0.004337  -0.002363  -0.008521  -0.014014  -0.018767  -0.022736  -0.025916  -0.028332  -0.030033  -0.031087  -0.031573  -0.031578  -0.031193  -0.030503  -0.029591  -0.028528  -0.027381  -0.026201  -0.025031  -0.023903   -0.02284  -0.021854  -0.020951  -0.020126   -0.01937  -0.018666   -0.01799  -0.017305  -0.016566  -0.015713  -0.014665  -0.013316
         0   0.010158   0.019941   0.028991   0.036987   0.043657   0.048792   0.052253   0.053975   0.053967    0.05231   0.049143   0.044661   0.039096   0.032705   0.025759   0.018523   0.011249   0.004168  -0.002527  -0.008673  -0.014155  -0.018891  -0.022843  -0.026004    -0.0284   -0.03008  -0.031113  -0.031578  -0.031564  -0.031158  -0.030449  -0.029519  -0.028441  -0.027279  -0.026086  -0.024903  -0.023766  -0.022692  -0.021699  -0.020788  -0.019957  -0.019197  -0.018489  -0.017808   -0.01712  -0.016377   -0.01552  -0.014468  -0.013113
         0   0.010171   0.019967   0.029029   0.037037   0.043718   0.048863   0.052333   0.054064   0.054064   0.052413   0.049254    0.04478   0.039222   0.032841   0.025905    0.01868    0.01142   0.004353  -0.002325  -0.008454  -0.013916  -0.018634  -0.022564  -0.025705  -0.028079  -0.029737  -0.030748  -0.031193  -0.031158  -0.030734  -0.030008  -0.029061  -0.027969  -0.026793  -0.025587  -0.024395  -0.023247  -0.022167  -0.021166  -0.020249  -0.019414  -0.018649  -0.017937  -0.017253  -0.016561  -0.015815  -0.014955  -0.013899   -0.01254
         0   0.010204   0.020032   0.029125   0.037164   0.043874   0.049048   0.052546   0.054302   0.054327   0.052701   0.049564   0.045113   0.039578   0.033218   0.026304   0.019101   0.011863   0.004819  -0.001837  -0.007943  -0.013382  -0.018075  -0.021983    -0.0251  -0.027452  -0.029089  -0.030079  -0.030503  -0.030449  -0.030008  -0.029266  -0.028305  -0.027199   -0.02601  -0.024794  -0.023593  -0.022437  -0.021349  -0.020342   -0.01942  -0.018581  -0.017812  -0.017096  -0.016409  -0.015715  -0.014967  -0.014104  -0.013045  -0.011682
         0   0.010251   0.020126   0.029267    0.03735   0.044105   0.049322    0.05286   0.054656   0.054719   0.053129   0.050027   0.045609   0.040106   0.033778   0.026893    0.01972   0.012511   0.005494  -0.001133  -0.007213  -0.012626  -0.017294  -0.021177  -0.024271    -0.0266  -0.028216  -0.029186  -0.029591  -0.029519  -0.029061  -0.028305   -0.02733  -0.026212  -0.025013  -0.023788  -0.022578  -0.021415  -0.020321  -0.019309  -0.018383  -0.017539  -0.016767   -0.01605   -0.01536  -0.014664  -0.013913  -0.013047  -0.011986  -0.010621
         0   0.010309   0.020242   0.029439   0.037578   0.044388   0.049657   0.053246   0.055091   0.055201   0.053656   0.050598    0.04622   0.040757   0.034466   0.027617   0.020478   0.013301   0.006316  -0.000282  -0.006333  -0.011718  -0.016361  -0.020219  -0.023288  -0.025596   -0.02719  -0.028141  -0.028528  -0.028441  -0.027969  -0.027199  -0.026212  -0.025083  -0.023875  -0.022642  -0.021424  -0.020255  -0.019156  -0.018139  -0.017209  -0.016363  -0.015588  -0.014869  -0.014176  -0.013478  -0.012726  -0.011858  -0.010795  -0.009427
         0   0.010373    0.02037   0.029631   0.037833   0.044703   0.050031   0.053677   0.055577    0.05574   0.054245   0.051235   0.046903   0.041483   0.035233   0.028423   0.021321   0.014179   0.007227    0.00066  -0.005361  -0.010719  -0.015334  -0.019169  -0.022215  -0.024502  -0.026077   -0.02701  -0.027381  -0.027279  -0.026793   -0.02601  -0.025013  -0.023875  -0.022659  -0.021418  -0.020195  -0.019021  -0.017917  -0.016896  -0.015963  -0.015114  -0.014337  -0.013615  -0.012922  -0.012221  -0.011468    -0.0106  -0.009534  -0.008164
         0   0.010441   0.020505   0.029833     0.0381   0.045035   0.050425   0.054132   0.056089   0.056307   0.054865   0.051906   0.047621   0.042246   0.036039   0.029269   0.022205   0.015099    0.00818   0.001645  -0.004347  -0.009678  -0.014268  -0.018079  -0.021105  -0.023372  -0.024929  -0.025845  -0.026201  -0.026086  -0.025587  -0.024794  -0.023788  -0.022642  -0.021418  -0.020171  -0.018942  -0.017763  -0.016656  -0.015632  -0.014697  -0.013845  -0.013067  -0.012343  -0.011648  -0.010947  -0.010192  -0.009322  -0.008255  -0.006884
         0    0.01051   0.020642   0.030037    0.03837   0.045369   0.050822   0.054589   0.056605   0.056879   0.055491   0.052581   0.048345   0.043016   0.036852   0.030122   0.023095   0.016024   0.009137   0.002632  -0.003332  -0.008637  -0.013204  -0.016993  -0.019998  -0.022246  -0.023787  -0.024688  -0.025031  -0.024903  -0.024395  -0.023593  -0.022578  -0.021424  -0.020195  -0.018942  -0.017709  -0.016526  -0.015416   -0.01439  -0.013451  -0.012598  -0.011817  -0.011093  -0.010397  -0.009694  -0.008939  -0.008068     -0.007  -0.005628
         0   0.010577   0.020776   0.030236   0.038634   0.045696    0.05121   0.055037    0.05711   0.057439   0.056102   0.053242   0.049053   0.043768   0.037644   0.030953   0.023963   0.016925   0.010069   0.003592  -0.002345  -0.007626   -0.01217   -0.01594  -0.018927  -0.021159  -0.022684  -0.023572  -0.023903  -0.023766  -0.023247  -0.022437  -0.021415  -0.020255  -0.019021  -0.017763  -0.016526  -0.015341  -0.014227  -0.013199  -0.012259  -0.011403  -0.010621  -0.009896  -0.009199  -0.008496   -0.00774  -0.006869  -0.005799  -0.004425
         0    0.01064   0.020903   0.030426   0.038885   0.046007    0.05158   0.055464   0.057591   0.057972   0.056685   0.053872   0.049727   0.044483   0.038399   0.031745   0.024787   0.017781   0.010955   0.004504  -0.001409  -0.006667  -0.011192  -0.014943  -0.017914   -0.02013  -0.021643  -0.022519   -0.02284  -0.022692  -0.022167  -0.021349  -0.020321  -0.019156  -0.017917  -0.016656  -0.015416  -0.014227  -0.013111  -0.012081  -0.011139  -0.010283    -0.0095  -0.008773  -0.008076  -0.007372  -0.006615  -0.005743  -0.004674  -0.003299
         0     0.0107   0.021022   0.030604   0.039121   0.046299   0.051927   0.055864   0.058042   0.058472   0.057231   0.054463   0.050358   0.045153   0.039105   0.032485   0.025558   0.018581    0.01178   0.005355  -0.000537  -0.005775  -0.010281  -0.014016  -0.016972  -0.019175  -0.020677  -0.021543  -0.021854  -0.021699  -0.021166  -0.020342  -0.019309  -0.018139  -0.016896  -0.015632   -0.01439  -0.013199  -0.012081  -0.011048  -0.010105  -0.009249  -0.008465  -0.007737  -0.007039  -0.006335  -0.005577  -0.004705  -0.003635   -0.00226
         0   0.010756   0.021133   0.030769   0.039339    0.04657   0.052249   0.056234    0.05846   0.058934   0.057736   0.055008   0.050942   0.045772   0.039758   0.033168    0.02627   0.019319   0.012542   0.006139   0.000266  -0.004954  -0.009444  -0.013163  -0.016107  -0.018299   -0.01979  -0.020647  -0.020951  -0.020788  -0.020249   -0.01942  -0.018383  -0.017209  -0.015963  -0.014697  -0.013451  -0.012259  -0.011139  -0.010105  -0.009162  -0.008303  -0.007519  -0.006791  -0.006092  -0.005389   -0.00463  -0.003758  -0.002687  -0.001311
         0   0.010806   0.021234   0.030921    0.03954   0.046819   0.052545   0.056575   0.058844    0.05936     0.0582    0.05551   0.051478   0.046341   0.040357   0.033795   0.026923   0.019995   0.013241   0.006857   0.001003  -0.004202  -0.008677  -0.012384  -0.015316  -0.017498   -0.01898  -0.019829  -0.020126  -0.019957  -0.019414  -0.018581  -0.017539  -0.016363  -0.015114  -0.013845  -0.012598  -0.011403  -0.010283  -0.009249  -0.008303  -0.007444   -0.00666  -0.005931  -0.005232  -0.004527  -0.003769  -0.002896  -0.001825  -0.000449
         0   0.010854   0.021328   0.031061   0.039727    0.04705   0.052818    0.05689     0.0592   0.059753    0.05863   0.055973   0.051974   0.046867   0.040911   0.034374   0.027525   0.020619   0.013884   0.007518    0.00168   -0.00351  -0.007973  -0.011669   -0.01459  -0.016763  -0.018237  -0.019079   -0.01937  -0.019197  -0.018649  -0.017812  -0.016767  -0.015588  -0.014337  -0.013067  -0.011817  -0.010621    -0.0095  -0.008465  -0.007519   -0.00666  -0.005875  -0.005145  -0.004446  -0.003741  -0.002982  -0.002109  -0.001038   0.000338
         0   0.010898   0.021417   0.031194   0.039902   0.047267   0.053076   0.057188   0.059533   0.060123   0.059035   0.056409    0.05244    0.04736   0.041429   0.034917    0.02809   0.021204   0.014487   0.008137   0.002314  -0.002863  -0.007315     -0.011  -0.013912  -0.016078  -0.017545  -0.018381  -0.018666  -0.018489  -0.017937  -0.017096   -0.01605  -0.014869  -0.013615  -0.012343  -0.011093  -0.009896  -0.008773  -0.007737  -0.006791  -0.005931  -0.005145  -0.004417  -0.003716  -0.003011  -0.002252   -0.00138  -0.000308   0.001069
         0   0.010942   0.021503   0.031323   0.040073   0.047479   0.053327   0.057476   0.059859   0.060483   0.059427   0.056832   0.052892    0.04784   0.041933   0.035444   0.028638   0.021771    0.01507   0.008735   0.002926  -0.002238   -0.00668  -0.010355  -0.013259  -0.015417  -0.016878  -0.017709   -0.01799  -0.017808  -0.017253  -0.016409   -0.01536  -0.014176  -0.012922  -0.011648  -0.010397  -0.009199  -0.008076  -0.007039  -0.006092  -0.005232  -0.004446  -0.003716  -0.003017  -0.002311  -0.001552  -0.000679   0.000392   0.001769
         0   0.010986   0.021592   0.031455   0.040248   0.047695   0.053584   0.057772   0.060192   0.060852   0.059829   0.057265   0.053355    0.04833   0.042448   0.035981   0.029196   0.022347   0.015664   0.009345   0.003549  -0.001604  -0.006034    -0.0097  -0.012596  -0.014747  -0.016202  -0.017028  -0.017305   -0.01712  -0.016561  -0.015715  -0.014664  -0.013478  -0.012221  -0.010947  -0.009694  -0.008496  -0.007372  -0.006335  -0.005389  -0.004527  -0.003741  -0.003011  -0.002311  -0.001605  -0.000846    2.7e-05   0.001098   0.002475
         0   0.011035    0.02169   0.031599   0.040439   0.047932   0.053865   0.058095   0.060556   0.061254   0.060267   0.057738   0.053858   0.048862   0.043008   0.036565   0.029802   0.022974   0.016308   0.010006   0.004223  -0.000916  -0.005336  -0.008992   -0.01188  -0.014024  -0.015473  -0.016293  -0.016566  -0.016377  -0.015815  -0.014967  -0.013913  -0.012726  -0.011468  -0.010192  -0.008939   -0.00774  -0.006615  -0.005577   -0.00463  -0.003769  -0.002982  -0.002252  -0.001552  -0.000846   -8.7e-05   0.000786   0.001858   0.003234
         0   0.011092   0.021803   0.031768   0.040663   0.048209   0.054193   0.058472    0.06098   0.061723   0.060778   0.058288   0.054444   0.049482   0.043658   0.037244   0.030507   0.023701   0.017057   0.010771   0.005005   -0.00012  -0.004527  -0.008173  -0.011052  -0.013189  -0.014631  -0.015446  -0.015713   -0.01552  -0.014955  -0.014104  -0.013047  -0.011858    -0.0106  -0.009322  -0.008068  -0.006869  -0.005743  -0.004705  -0.003758  -0.002896  -0.002109   -0.00138  -0.000679    2.7e-05   0.000786    0.00166   0.002731   0.004108
         0   0.011162   0.021943   0.031977   0.040939   0.048551   0.054599   0.058939   0.061504   0.062303    0.06141   0.058967   0.055169   0.050248   0.044462   0.038082   0.031376   0.024598   0.017979   0.011715   0.005969    0.00086  -0.003533  -0.007166  -0.010034  -0.012161  -0.013595  -0.014403  -0.014665  -0.014468  -0.013899  -0.013045  -0.011986  -0.010795  -0.009534  -0.008255     -0.007  -0.005799  -0.004674  -0.003635  -0.002687  -0.001825  -0.001038  -0.000308   0.000392   0.001098   0.001858   0.002731   0.003803    0.00518
         0   0.011253   0.022124   0.032249   0.041297   0.048995   0.055123   0.059543   0.062183   0.063052   0.062226   0.059846   0.056106   0.051237     0.0455   0.039164   0.032497   0.025756   0.019168   0.012933   0.007211   0.002123  -0.002251  -0.005868  -0.008722  -0.010837  -0.012262  -0.013062  -0.013316  -0.013113   -0.01254  -0.011682  -0.010621  -0.009427  -0.008164  -0.006884  -0.005628  -0.004425  -0.003299   -0.00226  -0.001311  -0.000449   0.000338   0.001069   0.001769   0.002475   0.003234   0.004108    0.00518   0.006557