         0          0          0          0          0          0          0          0          0          0          0          0          0          0          0          0          0          0          0          0          0          0          0          0          0          0          0          0          0          0          0          0          0          0          0          0          0          0          0          0          0          0          0          0          0          0          0          0          0          0
         0   0.003813   0.007507   0.010973   0.014114   0.016854   0.019141   0.020947   0.022272   0.023137   0.023587   0.023678   0.023479   0.023062   0.022499   0.021858   0.021197   0.020563   0.019994   0.019512   0.019131   0.018854   0.018678   0.018592   0.018582   0.018633   0.018729   0.018856   0.019001   0.019153   0.019302   0.019443   0.019572   0.019686   0.019785   0.019868   0.019936   0.019993   0.020037   0.020071   0.020098   0.020119   0.020134   0.020145   0.020153    0.02016   0.020163   0.020167    0.02017   0.020173
         0   0.007507    0.01478   0.021601   0.027779   0.033162   0.037647   0.041181   0.043762   0.045436   0.046287   0.046431   0.046003   0.045146   0.044004    0.04271    0.04138   0.040108   0.038965   0.038001   0.037238   0.036684    0.03633   0.036156   0.036136   0.036237    0.03643   0.036682   0.036971   0.037272    0.03757   0.037851   0.038107   0.038335   0.038531   0.038697   0.038834   0.038945   0.039033   0.039102   0.039155   0.039196   0.039225   0.039248   0.039265   0.039276   0.039285   0.039291   0.039298   0.039303
         0   0.010973   0.021601   0.031561   0.040571   0.048409   0.054923   0.060035   0.063742   0.066114   0.067274   0.067397   0.066682   0.065343    0.06359   0.061621   0.059606   0.057688   0.055966   0.054515   0.053368   0.052537   0.052005   0.051744    0.05171   0.051861   0.052145   0.052523   0.052952     0.0534   0.053843   0.054262   0.054643   0.054982   0.055274   0.055521   0.055725   0.055891   0.056022   0.056125   0.056204   0.056264   0.056309   0.056342   0.056367   0.056385   0.056398   0.056408   0.056417   0.056426
         0   0.014114   0.027779   0.040571   0.052126   0.062153   0.070454   0.076929   0.081579   0.084492   0.085835   0.085834   0.084752    0.08287   0.080463   0.077789   0.075071   0.072492   0.070187   0.068245   0.066714   0.065604   0.064893   0.064542   0.064495   0.064691   0.065067   0.065563    0.06613   0.066722   0.067307    0.06786   0.068364   0.068811   0.069197   0.069522   0.069791   0.070009   0.070183   0.070318   0.070423   0.070502   0.070562   0.070606   0.070637   0.070661   0.070678   0.070691   0.070703   0.070714
         0   0.016854   0.033162   0.048409   0.062153   0.074041   0.083833   0.091412   0.096777   0.100042   0.101412   0.101163    0.09962   0.097123   0.094012     0.0906   0.087157   0.083906    0.08101   0.078576   0.076659   0.075271   0.074381    0.07394   0.073878   0.074117   0.074579   0.075192    0.07589   0.076621   0.077343   0.078025   0.078647   0.079199   0.079675   0.080077   0.080408   0.080677   0.080892   0.081059   0.081188   0.081286   0.081359   0.081413   0.081453   0.081482   0.081502   0.081519   0.081533   0.081547
         0   0.019141   0.037647   0.054923   0.070454   0.083833   0.094785   0.103174   0.109004    0.11241   0.113636   0.113005   0.110897   0.107711   0.103843   0.099658   0.095471   0.091537   0.088047   0.085121   0.082821   0.081156    0.08009   0.079558   0.079479   0.079758   0.080302   0.081026   0.081851   0.082715   0.083569   0.084375   0.085111   0.085763   0.086325   0.086799   0.087192   0.087509   0.087762   0.087959   0.088112   0.088227   0.088314   0.088378   0.088424   0.088458   0.088483   0.088503   0.088519   0.088536
         0   0.020947   0.041181   0.060035   0.076929   0.091412   0.103174   0.112067   0.118101   0.121433   0.122339   0.121191   0.118415   0.114468   0.109796   0.104808   0.099862   0.095241   0.091158   0.087744   0.085066   0.083128   0.081888   0.081267    0.08117   0.081487   0.082109   0.082938   0.083884   0.084875   0.085853   0.086778   0.087622   0.088368   0.089013   0.089557   0.090006    0.09037   0.090659   0.090885    0.09106   0.091192   0.091291   0.091364   0.091417   0.091456   0.091485   0.091507   0.091526   0.091545
         0   0.022272   0.043762   0.063742   0.081579   0.096777   0.109004   0.118101   0.124085   0.127133   0.127554    0.12576   0.122227   0.117456   0.111939   0.106129   0.100415    0.09511   0.090439   0.086547     0.0835   0.081297   0.079889   0.079182   0.079067   0.079419   0.080116   0.081045   0.082106   0.083216   0.084313    0.08535   0.086294   0.087132   0.087853   0.088462   0.088964   0.089371   0.089696   0.089949   0.090144   0.090292   0.090403   0.090484   0.090543   0.090587   0.090619   0.090645   0.090666   0.090687
         0   0.023137   0.045436   0.066114   0.084492   0.100042    0.11241   0.121433   0.127133   0.129707   0.129495   0.126947   0.122579   0.116937   0.110552   0.103911   0.097434   0.091453    0.08621   0.081855   0.078452   0.075998   0.074428   0.073641   0.073509   0.073895   0.074663   0.075687   0.076855   0.078079   0.079287   0.080428   0.081468   0.082388   0.083183   0.083853   0.084405   0.084853   0.085209   0.085488   0.085701   0.085863   0.085986   0.086075    0.08614   0.086188   0.086223   0.086251   0.086274   0.086298
         0   0.023587   0.046287   0.067274   0.085835   0.101412   0.113636   0.122339   0.127554   0.129495   0.128531   0.125145    0.11989   0.113349   0.106086   0.098621   0.091395   0.084761   0.078968   0.074171   0.070433   0.067741   0.066022   0.065161   0.065015   0.065434   0.066269   0.067383   0.068653   0.069983   0.071294   0.072533   0.073662   0.074661   0.075521   0.076248   0.076847   0.077332   0.077718    0.07802   0.078251   0.078427   0.078558   0.078655   0.078726   0.078778   0.078816   0.078845    0.07887   0.078896
         0   0.023678   0.046431   0.067397   0.085834   0.101163   0.113005   0.121191    0.12576   0.126947   0.125145   0.120866   0.114697    0.10725   0.099121   0.090853   0.082908   0.075651    0.06934    0.06413    0.06008    0.05717   0.055316   0.054389   0.054234   0.054688   0.055587   0.056785   0.058151   0.059579   0.060987   0.062316   0.063527   0.064598   0.065521   0.066299   0.066941    0.06746   0.067873   0.068195   0.068443   0.068632   0.068772   0.068875   0.068952   0.069006   0.069047   0.069079   0.069106   0.069133
         0   0.023479   0.046003   0.066682   0.084752    0.09962   0.110897   0.118415   0.122227   0.122579    0.11989   0.114697   0.107614   0.099278   0.090313   0.081279   0.072657   0.064819   0.058029   0.052441   0.048108   0.045002   0.043029   0.042047   0.041888   0.042377    0.04334   0.044618   0.046074   0.047593   0.049091   0.050503   0.051789   0.052926   0.053905    0.05473    0.05541    0.05596   0.056398    0.05674   0.057003   0.057202   0.057351   0.057461    0.05754   0.057599   0.057643   0.057676   0.057704   0.057733
         0   0.023062   0.045146   0.065343    0.08287   0.097123   0.107711   0.114468   0.117456   0.116937   0.113349    0.10725   0.099278   0.090096   0.080341   0.070596   0.061349   0.052981   0.045756   0.039829   0.035246   0.031971   0.029897   0.028872   0.028716   0.029242   0.030266   0.031619   0.033159   0.034764   0.036344   0.037833   0.039187   0.040384   0.041414   0.042282   0.042997   0.043576   0.044036   0.044395   0.044671    0.04488   0.045036   0.045151   0.045235   0.045297   0.045342   0.045377   0.045406   0.045436
         0   0.022499   0.044004    0.06359   0.080463   0.094012   0.103843   0.109796   0.111939   0.110552   0.106086   0.099121   0.090313   0.080341   0.069863    0.05947    0.04966    0.04082   0.033213   0.026991   0.022193   0.018775    0.01662   0.015565   0.015419   0.015984   0.017068   0.018494   0.020112   0.021796   0.023451   0.025009   0.026426   0.027677   0.028754   0.029659   0.030406    0.03101   0.031489   0.031864   0.032152    0.03237   0.032533   0.032652    0.03274   0.032803   0.032851   0.032887   0.032919   0.032949
         0   0.021858    0.04271   0.061621   0.077789     0.0906   0.099658   0.104808   0.106129   0.103911   0.098621   0.090853   0.081279   0.070596    0.05947   0.048504   0.038201    0.02895   0.021017   0.014544   0.009569   0.006036    0.00382   0.002748    0.00262   0.003228   0.004371   0.005865   0.007556   0.009312   0.011036   0.012657    0.01413   0.015429   0.016548   0.017489   0.018263   0.018889   0.019386   0.019774   0.020072   0.020298   0.020467    0.02059   0.020682   0.020748   0.020797   0.020835   0.020866   0.020898
         0   0.021197    0.04138   0.059606   0.075071   0.087157   0.095471   0.099862   0.100415   0.097434   0.091395   0.082908   0.072657   0.061349    0.04966   0.038201   0.027479   0.017884   0.009678   0.003003  -0.002113  -0.005732  -0.007989  -0.009066  -0.009169  -0.008516  -0.007315  -0.005755  -0.003997  -0.002175  -0.000387    0.00129   0.002814   0.004157   0.005312   0.006283   0.007083   0.007728   0.008241    0.00864   0.008948    0.00918   0.009354   0.009482   0.009575   0.009643   0.009693   0.009733   0.009765   0.009798
         0   0.020563   0.040108   0.057688   0.072492   0.083906   0.091537   0.095241    0.09511   0.091453   0.084761   0.075651   0.064819   0.052981    0.04082    0.02895   0.017884   0.008009  -0.000413  -0.007246  -0.012467  -0.016146  -0.018425  -0.019492  -0.019565  -0.018866  -0.017607  -0.015985  -0.014164   -0.01228  -0.010437  -0.008708  -0.007139  -0.005758   -0.00457  -0.003573  -0.002751  -0.002089  -0.001562  -0.001152  -0.000836  -0.000598  -0.000421  -0.000289  -0.000194  -0.000123   -7.2e-05   -3.2e-05      1e-06    3.5e-05
         0   0.019994   0.038965   0.055966   0.070187    0.08101   0.088047   0.091158   0.090439    0.08621   0.078968    0.06934   0.058029   0.045756   0.033213   0.021017   0.009678  -0.000413  -0.008998  -0.015946  -0.021239  -0.024954  -0.027236  -0.028285   -0.02832  -0.027571  -0.026258  -0.024577  -0.022698  -0.020759  -0.018865  -0.017089  -0.015481  -0.014066  -0.012849  -0.011828  -0.010988  -0.010311  -0.009772  -0.009353  -0.009031  -0.008788  -0.008606  -0.008472  -0.008374  -0.008303  -0.008251  -0.008211  -0.008176  -0.008141
         0   0.019512   0.038001   0.054515   0.068245   0.078576   0.085121   0.087744   0.086547   0.081855   0.074171    0.06413   0.052441   0.039829   0.026991   0.014544   0.003003  -0.007246  -0.015946   -0.02297  -0.028306  -0.032033  -0.034305  -0.035324  -0.035318   -0.03452  -0.033152  -0.031416  -0.029483  -0.027494  -0.025553  -0.023738  -0.022095  -0.020649  -0.019408  -0.018367   -0.01751  -0.016819  -0.016271  -0.015845  -0.015517  -0.015269  -0.015084  -0.014947  -0.014849  -0.014777  -0.014723  -0.014681  -0.014647  -0.014612
         0   0.019131   0.037238   0.053368   0.066714   0.076659   0.082821   0.085066     0.0835   0.078452   0.070433    0.06008   0.048108   0.035246   0.022193   0.009569  -0.002113  -0.012467  -0.021239  -0.028306  -0.033656  -0.037377  -0.039626  -0.040609  -0.040558   -0.03971   -0.03829  -0.036502  -0.034521  -0.032486  -0.030505  -0.028653  -0.026979  -0.025507  -0.024245  -0.023186  -0.022316  -0.021614  -0.021057  -0.020624  -0.020291  -0.020039  -0.019851  -0.019714  -0.019612  -0.019539  -0.019486  -0.019444  -0.019409  -0.019373
         0   0.018854   0.036684   0.052537   0.065604   0.075271   0.081156   0.083128   0.081297   0.075998   0.067741    0.05717   0.045002   0.031971   0.018775   0.006036  -0.005732  -0.016146  -0.024954  -0.032033  -0.037377  -0.041077  -0.043292  -0.044233  -0.044136  -0.043238  -0.041768  -0.039933  -0.037907  -0.035831  -0.033814  -0.031931  -0.030229  -0.028735  -0.027454  -0.026381  -0.025499  -0.024788  -0.024224  -0.023784  -0.023448  -0.023193  -0.023003  -0.022864  -0.022762  -0.022687  -0.022632   -0.02259  -0.022554  -0.022519
         0   0.018678    0.03633   0.052005   0.064893   0.074381    0.08009   0.081888   0.079889   0.074428   0.066022   0.055316   0.043029   0.029897    0.01662    0.00382  -0.007989  -0.018425  -0.027236  -0.034305  -0.039626  -0.043292  -0.045467  -0.046363  -0.046217  -0.045272  -0.043756  -0.041876   -0.03981  -0.037698  -0.035649  -0.033739  -0.032014  -0.030501  -0.029205  -0.028118  -0.027226  -0.026507  -0.025937  -0.025493  -0.025152  -0.024895  -0.024703  -0.024562   -0.02446  -0.024385   -0.02433  -0.024287  -0.024251  -0.024215
         0   0.018592   0.036156   0.051744   0.064542    0.07394   0.079558   0.081267   0.079182   0.073641   0.065161   0.054389   0.042047   0.028872   0.015565   0.002748  -0.009066  -0.019492  -0.028285  -0.035324  -0.040609  -0.044233  -0.046363  -0.047212  -0.047019  -0.046028  -0.044468  -0.042549  -0.040447  -0.038304  -0.036227  -0.034293  -0.032548  -0.031019  -0.029709  -0.028612  -0.027711  -0.026985  -0.026411  -0.025963  -0.025619   -0.02536  -0.025166  -0.025025  -0.024921  -0.024846  -0.024789  -0.024747  -0.024711  -0.024674
         0   0.018582   0.036136    0.05171   0.064495   0.073878   0.079479    0.08117   0.079067   0.073509   0.065015   0.054234   0.041888   0.028716   0.015419    0.00262  -0.009169  -0.019565   -0.02832  -0.035318  -0.040558  -0.044136  -0.046217  -0.047019  -0.046782  -0.045747  -0.044148  -0.042193  -0.040059  -0.037888  -0.035787  -0.033833  -0.032071  -0.030528  -0.029206  -0.028101  -0.027193  -0.026462  -0.025882  -0.025431  -0.025086  -0.024824   -0.02463  -0.024487  -0.024382  -0.024307  -0.024251  -0.024208  -0.024171  -0.024135
         0   0.018633   0.036237   0.051861   0.064691   0.074117   0.079758   0.081487   0.079419   0.073895   0.065434   0.054688   0.042377   0.029242   0.015984   0.003228  -0.008516  -0.018866  -0.027571   -0.03452   -0.03971  -0.043238  -0.045272  -0.046028  -0.045747  -0.044674  -0.043039  -0.041052   -0.03889  -0.036694  -0.034573  -0.032601  -0.030826   -0.02927   -0.02794  -0.026826  -0.025913  -0.025177  -0.024594  -0.024141  -0.023793  -0.023531  -0.023336  -0.023191  -0.023087   -0.02301  -0.022954  -0.022911  -0.022874  -0.022838
         0   0.018729    0.03643   0.052145   0.065067   0.074579   0.080302   0.082109   0.080116   0.074663   0.066269   0.055587    0.04334   0.030266   0.017068   0.004371  -0.007315  -0.017607  -0.026258  -0.033152   -0.03829  -0.041768  -0.043756  -0.044468  -0.044148  -0.043039  -0.041372  -0.039358  -0.037171  -0.034955  -0.032816   -0.03083  -0.029043  -0.027477  -0.026138  -0.025019    -0.0241  -0.023361  -0.022776   -0.02232  -0.021972  -0.021707  -0.021512  -0.021366  -0.021262  -0.021185  -0.021129  -0.021085  -0.021048  -0.021012
         0   0.018856   0.036682   0.052523   0.065563   0.075192   0.081026   0.082938   0.081045   0.075687   0.067383   0.056785   0.044618   0.031619   0.018494   0.005865  -0.005755  -0.015985  -0.024577  -0.031416  -0.036502  -0.039933  -0.041876  -0.042549  -0.042193  -0.041052  -0.039358  -0.037319  -0.035111  -0.032877  -0.030724  -0.028725  -0.026928  -0.025354   -0.02401  -0.022885  -0.021963  -0.021221  -0.020633  -0.020175  -0.019825  -0.019561  -0.019364  -0.019219  -0.019114  -0.019036  -0.018979  -0.018936    -0.0189  -0.018863
         0   0.019001   0.036971   0.052952    0.06613    0.07589   0.081851   0.083884   0.082106   0.076855   0.068653   0.058151   0.046074   0.033159   0.020112   0.007556  -0.003997  -0.014164  -0.022698  -0.029483  -0.034521  -0.037907   -0.03981  -0.040447  -0.040059   -0.03889  -0.037171  -0.035111  -0.032886  -0.030637  -0.028471  -0.026463  -0.024657  -0.023077  -0.021727  -0.020599  -0.019673  -0.018929  -0.018339  -0.017881   -0.01753  -0.017264  -0.017066  -0.016922  -0.016816  -0.016738  -0.016682  -0.016638  -0.016602  -0.016565
         0   0.019153   0.037272     0.0534   0.066722   0.076621   0.082715   0.084875   0.083216   0.078079   0.069983   0.059579   0.047593   0.034764   0.021796   0.009312  -0.002175   -0.01228  -0.020759  -0.027494  -0.032486  -0.035831  -0.037698  -0.038304  -0.037888  -0.036694  -0.034955  -0.032877  -0.030637  -0.028375    -0.0262  -0.024183   -0.02237  -0.020785  -0.019432    -0.0183  -0.017371  -0.016625  -0.016035  -0.015575  -0.015223  -0.014957  -0.014759  -0.014613  -0.014507   -0.01443  -0.014373   -0.01433  -0.014293  -0.014256
         0   0.019302    0.03757   0.053843   0.067307   0.077343   0.083569   0.085853   0.084313   0.079287   0.071294   0.060987   0.049091   0.036344   0.023451   0.011036  -0.000387  -0.010437  -0.018865  -0.025553  -0.030505  -0.033814  -0.035649  -0.036227  -0.035787  -0.034573  -0.032816  -0.030724  -0.028471    -0.0262  -0.024015  -0.021992  -0.020174  -0.018585  -0.017228  -0.016093  -0.015163  -0.014415  -0.013823  -0.013363   -0.01301  -0.012743  -0.012545  -0.012399  -0.012293  -0.012216   -0.01216  -0.012116  -0.012079  -0.012041
         0   0.019443   0.037851   0.054262    0.06786   0.078025   0.084375   0.086778    0.08535   0.080428   0.072533   0.062316   0.050503   0.037833   0.025009   0.012657    0.00129  -0.008708  -0.017089  -0.023738  -0.028653  -0.031931  -0.033739  -0.034293  -0.033833  -0.032601   -0.03083  -0.028725  -0.026463  -0.024183  -0.021992  -0.019963  -0.018141  -0.016548  -0.015189  -0.014052  -0.013121  -0.012371  -0.011778  -0.011317  -0.010964  -0.010698  -0.010499  -0.010353  -0.010246   -0.01017  -0.010112  -0.010069  -0.010032  -0.009995
         0   0.019572   0.038107   0.054643   0.068364   0.078647   0.085111   0.087622   0.086294   0.081468   0.073662   0.063527   0.051789   0.039187   0.026426    0.01413   0.002814  -0.007139  -0.015481  -0.022095  -0.026979  -0.030229  -0.032014  -0.032548  -0.032071  -0.030826  -0.029043  -0.026928  -0.024657   -0.02237  -0.020174  -0.018141  -0.016316  -0.014721  -0.013358   -0.01222  -0.011288  -0.010537  -0.009944  -0.009482  -0.009129  -0.008862  -0.008664  -0.008517  -0.008411  -0.008334  -0.008276  -0.008233  -0.008196  -0.008159
         0   0.019686   0.038335   0.054982   0.068811   0.079199   0.085763   0.088368   0.087132   0.082388   0.074661   0.064598   0.052926   0.040384   0.027677   0.015429   0.004157  -0.005758  -0.014066  -0.020649  -0.025507  -0.028735  -0.030501  -0.031019  -0.030528   -0.02927  -0.027477  -0.025354  -0.023077  -0.020785  -0.018585  -0.016548  -0.014721  -0.013123  -0.011759   -0.01062  -0.009686  -0.008936  -0.008341   -0.00788  -0.007526  -0.007259   -0.00706  -0.006914  -0.006808   -0.00673  -0.006673  -0.006629  -0.006592  -0.006556
         0   0.019785   0.038531   0.055274   0.069197   0.079675   0.086325   0.089013   0.087853   0.083183   0.075521   0.065521   0.053905   0.041414   0.028754   0.016548   0.005312   -0.00457  -0.012849  -0.019408  -0.024245  -0.027454  -0.029205  -0.029709  -0.029206   -0.02794  -0.026138   -0.02401  -0.021727  -0.019432  -0.017228  -0.015189  -0.013358  -0.011759  -0.010394  -0.009254   -0.00832  -0.007569  -0.006974  -0.006512  -0.006158  -0.005891  -0.005692  -0.005545  -0.005439  -0.005361  -0.005305  -0.005261  -0.005224  -0.005187
         0   0.019868   0.038697   0.055521   0.069522   0.080077   0.086799   0.089557   0.088462   0.083853   0.076248   0.066299    0.05473   0.042282   0.029659   0.017489   0.006283  -0.003573  -0.011828  -0.018367  -0.023186  -0.026381  -0.028118  -0.028612  -0.028101  -0.026826  -0.025019  -0.022885  -0.020599    -0.0183  -0.016093  -0.014052   -0.01222   -0.01062  -0.009254  -0.008114  -0.007178  -0.006427  -0.005832   -0.00537  -0.005016  -0.004748  -0.004549  -0.004403  -0.004296  -0.004219  -0.004161  -0.004117   -0.00408  -0.004043
         0   0.019936   0.038834   0.055725   0.069791   0.080408   0.087192   0.090006   0.088964   0.084405   0.076847   0.066941    0.05541   0.042997   0.030406   0.018263   0.007083  -0.002751  -0.010988   -0.01751  -0.022316  -0.025499  -0.027226  -0.027711  -0.027193  -0.025913    -0.0241  -0.021963  -0.019673  -0.017371  -0.015163  -0.013121  -0.011288  -0.009686   -0.00832  -0.007178  -0.006243  -0.005491  -0.004896  -0.004434   -0.00408  -0.003813  -0.003613  -0.003466   -0.00336  -0.003282  -0.003226  -0.003182  -0.003145  -0.003108
         0   0.019993   0.038945   0.055891   0.070009   0.080677   0.087509    0.09037   0.089371   0.084853   0.077332    0.06746    0.05596   0.043576    0.03101   0.018889   0.007728  -0.002089  -0.010311  -0.016819  -0.021614  -0.024788  -0.026507  -0.026985  -0.026462  -0.025177  -0.023361  -0.021221  -0.018929  -0.016625  -0.014415  -0.012371  -0.010537  -0.008936  -0.007569  -0.006427  -0.005491  -0.004739  -0.004144  -0.003682  -0.003326  -0.003059  -0.002861  -0.002713  -0.002608  -0.002529  -0.002473  -0.002429  -0.002392  -0.002355
         0   0.020037   0.039033   0.056022   0.070183   0.080892   0.087762   0.090659   0.089696   0.085209   0.077718   0.067873   0.056398   0.044036   0.031489   0.019386   0.008241  -0.001562  -0.009772  -0.016271  -0.021057  -0.024224  -0.025937  -0.026411  -0.025882  -0.024594  -0.022776  -0.020633  -0.018339  -0.016035  -0.013823  -0.011778  -0.009944  -0.008341  -0.006974  -0.005832  -0.004896  -0.004144  -0.003548  -0.003086  -0.002732  -0.002464  -0.002265  -0.002118  -0.002012  -0.001934  -0.001877  -0.001834  -0.001797   -0.00176
         0   0.020071   0.039102   0.056125   0.070318   0.081059   0.087959   0.090885   0.089949   0.085488    0.07802   0.068195    0.05674   0.044395   0.031864   0.019774    0.00864  -0.001152  -0.009353  -0.015845  -0.020624  -0.023784  -0.025493  -0.025963  -0.025431  -0.024141   -0.02232  -0.020175  -0.017881  -0.015575  -0.013363  -0.011317  -0.009482   -0.00788  -0.006512   -0.00537  -0.004434  -0.003682  -0.003086  -0.002623  -0.002269  -0.002001  -0.001802  -0.001656  -0.001549  -0.001471  -0.001414   -0.00137  -0.001333  -0.001296
         0   0.020098   0.039155   0.056204   0.070423   0.081188   0.088112    0.09106   0.090144   0.085701   0.078251   0.068443   0.057003   0.044671   0.032152   0.020072   0.008948  -0.000836  -0.009031  -0.015517  -0.020291  -0.023448  -0.025152  -0.025619  -0.025086  -0.023793  -0.021972  -0.019825   -0.01753  -0.015223   -0.01301  -0.010964  -0.009129  -0.007526  -0.006158  -0.005016   -0.00408  -0.003326  -0.002732  -0.002269  -0.001914  -0.001647  -0.001447  -0.001301  -0.001194  -0.001117  -0.001059  -0.001016  -0.000979  -0.000942
         0   0.020119   0.039196   0.056264   0.070502   0.081286   0.088227   0.091192   0.090292   0.085863   0.078427   0.068632   0.057202    0.04488    0.03237   0.020298    0.00918  -0.000598  -0.008788  -0.015269  -0.020039  -0.023193  -0.024895   -0.02536  -0.024824  -0.023531  -0.021707  -0.019561  -0.017264  -0.014957  -0.012743  -0.010698  -0.008862  -0.007259  -0.005891  -0.004748  -0.003813  -0.003059  -0.002464  -0.002001  -0.001647  -0.001379   -0.00118  -0.001033  -0.000927  -0.000849  -0.000792  -0.000749  -0.000711  -0.000675
         0   0.020134   0.039225   0.056309   0.070562   0.081359   0.088314   0.091291   0.090403   0.085986   0.078558   0.068772   0.057351   0.045036   0.032533   0.020467   0.009354  -0.000421  -0.008606  -0.015084  -0.019851  -0.023003  -0.024703  -0.025166   -0.02463  -0.023336  -0.021512  -0.019364  -0.017066  -0.014759  -0.012545  -0.010499  -0.008664   -0.00706  -0.005692  -0.004549  -0.003613  -0.002861  -0.002265  -0.001802  -0.001447   -0.00118  -0.000981  -0.000834  -0.000728   -0.00065  -0.000593  -0.000549  -0.000512  -0.000475
         0   0.020145   0.039248   0.056342   0.070606   0.081413   0.088378   0.091364   0.090484   0.086075   0.078655   0.068875   0.057461   0.045151   0.032652    0.02059   0.009482  -0.000289  -0.008472  -0.014947  -0.019714  -0.022864  -0.024562  -0.025025  -0.024487  -0.023191  -0.021366  -0.019219  -0.016922  -0.014613  -0.012399  -0.010353  -0.008517  -0.006914  -0.005545  -0.004403  -0.003466  -0.002713  -0.002118  -0.001656  -0.001301  -0.001033  -0.000834  -0.000688  -0.000582  -0.000503  -0.000447  -0.000403  -0.000366  -0.000329
         0   0.020153   0.039265   0.056367   0.070637   0.081453   0.088424   0.091417   0.090543    0.08614   0.078726   0.068952    0.05754   0.045235    0.03274   0.020682   0.009575  -0.000194  -0.008374  -0.014849  -0.019612  -0.022762   -0.02446  -0.024921  -0.024382  -0.023087  -0.021262  -0.019114  -0.016816  -0.014507  -0.012293  -0.010246  -0.008411  -0.006808  -0.005439  -0.004296   -0.00336  -0.002608  -0.002012  -0.001549  -0.001194  -0.000927  -0.000728  -0.000582  -0.000475  -0.000396   -0.00034  -0.000296  -0.000259  -0.000222
         0    0.02016   0.039276   0.056385   0.070661   0.081482   0.088458   0.091456   0.090587   0.086188   0.078778   0.069006   0.057599   0.045297   0.032803   0.020748   0.009643  -0.000123  -0.008303  -0.014777  -0.019539  -0.022687  -0.024385  -0.024846  -0.024307   -0.02301  -0.021185  -0.019036  -0.016738   -0.01443  -0.012216   -0.01017  -0.008334   -0.00673  -0.005361  -0.004219  -0.003282  -0.002529  -0.001934  -0.001471  -0.001117  -0.000849   -0.00065  -0.000503  -0.000396  -0.000319  -0.000263  -0.000219  -0.000182  -0.000145
         0   0.020163   0.039285   0.056398   0.070678   0.081502   0.088483   0.091485   0.090619   0.086223   0.078816   0.069047   0.057643   0.045342   0.032851   0.020797   0.009693   -7.2e-05  -0.008251  -0.014723  -0.019486  -0.022632   -0.02433  -0.024789  -0.024251  -0.022954  -0.021129  -0.018979  -0.016682  -0.014373   -0.01216  -0.010112  -0.008276  -0.006673  -0.005305  -0.004161  -0.003226  -0.002473  -0.001877  -0.001414  -0.001059  -0.000792  -0.000593  -0.000447   -0.00034  -0.000263  -0.000205  -0.000161  -0.000124   -8.7e-05
         0   0.020167   0.039291   0.056408   0.070691   0.081519   0.088503   0.091507   0.090645   0.086251   0.078845   0.069079   0.057676   0.045377   0.032887   0.020835   0.009733   -3.2e-05  -0.008211  -0.014681  -0.019444   -0.02259  -0.024287  -0.024747  -0.024208  -0.022911  -0.021085  -0.018936  -0.016638   -0.01433  -0.012116  -0.010069  -0.008233  -0.006629  -0.005261  -0.004117  -0.003182  -0.002429  -0.001834   -0.00137  -0.001016  -0.000749  -0.000549  -0.000403  -0.000296  -0.000219  -0.000161  -0.000117     -8e-05   -4.3e-05
         0    0.02017   0.039298   0.056417   0.070703   0.081533   0.088519   0.091526   0.090666   0.086274    0.07887   0.069106   0.057704   0.045406   0.032919   0.020866   0.009765      1e-06  -0.008176  -0.014647  -0.019409  -0.022554  -0.024251  -0.024711  -0.024171  -0.022874  -0.021048    -0.0189  -0.016602  -0.014293  -0.012079  -0.010032  -0.008196  -0.006592  -0.005224   -0.00408  -0.003145  -0.002392  -0.001797  -0.001333  -0.000979  -0.000711  -0.000512  -0.000366  -0.000259  -0.000182  -0.000124     -8e-05   -4.3e-05     -6e-06
         0   0.020173   0.039303   0.056426   0.070714   0.081547   0.088536   0.091545   0.090687   0.086298   0.078896   0.069133   0.057733   0.045436   0.032949   0.020898   0.009798    3.5e-05  -0.008141  -0.014612  -0.019373  -0.022519  -0.024215  -0.024674  -0.024135  -0.022838  -0.021012  -0.018863  -0.016565  -0.014256  -0.012041  -0.009995  -0.008159  -0.006556  -0.005187  -0.004043  -0.003108  -0.002355   -0.00176  -0.001296  -0.000942  -0.000675  -0.000475  -0.000329  -0.000222  -0.000145   -8.7e-05   -4.3e-05     -6e-06    3.1e-05