         0          0          0          0          0          0          0          0          0          0          0          0          0          0          0          0          0          0          0          0          0          0          0          0          0          0          0          0          0          0          0          0          0          0          0          0          0          0          0          0          0          0          0          0          0          0          0          0          0          0
         0      9e-06    1.8e-05    2.8e-05    3.7e-05    4.9e-05    6.1e-05    7.5e-05    9.1e-05    0.00011   0.000131   0.000157   0.000187   0.000222   0.000265   0.000316   0.000377    0.00045   0.000538   0.000643   0.000768   0.000918   0.001098    0.00131   0.001564   0.001866   0.002223   0.002645   0.003144   0.003732   0.004423   0.005233   0.006183   0.007291   0.008581   0.010083   0.011826   0.013842    0.01617   0.018854   0.021939   0.025477   0.029527   0.034152   0.039419   0.045407   0.052197   0.059879   0.068551   0.078316
         0    1.8e-05    3.6e-05    5.5e-05    7.6e-05    9.9e-05   0.000124   0.000152   0.000184   0.000221   0.000264   0.000315   0.000376   0.000447   0.000533   0.000635   0.000757   0.000903   0.001079   0.001288   0.001538   0.001839   0.002197   0.002622   0.003129   0.003731   0.004445   0.005289   0.006287    0.00746    0.00884    0.01046   0.012355   0.014569   0.017149   0.020148   0.023628   0.027657   0.032309    0.03767   0.043832   0.050902   0.058992    0.06823   0.078753   0.090714   0.104278   0.119625   0.136948   0.156458
         0    2.8e-05    5.5e-05    8.5e-05   0.000116    0.00015   0.000188   0.000231   0.000279   0.000336   0.000402   0.000478   0.000569   0.000677   0.000805   0.000958   0.001142   0.001361   0.001624   0.001939   0.002314   0.002763   0.003298   0.003937   0.004697   0.005598   0.006667   0.007931   0.009424   0.011182   0.013248   0.015674    0.01851   0.021825   0.025688   0.030179   0.035389    0.04142   0.048384    0.05641   0.065637    0.07622   0.088332   0.102162   0.117918   0.135825   0.156132   0.179107   0.205042   0.234251
         0    3.7e-05    7.6e-05   0.000116   0.000159   0.000206   0.000257   0.000315   0.000381   0.000456   0.000545   0.000647   0.000769   0.000913   0.001086    0.00129   0.001534   0.001827   0.002178   0.002596   0.003096   0.003695   0.004407   0.005257   0.006267   0.007467   0.008888    0.01057   0.012555   0.014893   0.017642   0.020867    0.02464   0.029048   0.034185   0.040156   0.047085   0.055105   0.064366   0.075039   0.087309   0.101382   0.117488   0.135878   0.156829   0.180641   0.207645   0.238196   0.272683   0.311523
         0    4.9e-05    9.9e-05    0.00015   0.000206   0.000265   0.000331   0.000405   0.000488   0.000585   0.000696   0.000826   0.000979   0.001161   0.001376   0.001633   0.001939   0.002305   0.002742   0.003265    0.00389   0.004636   0.005525   0.006584   0.007844   0.009339   0.011111   0.013207    0.01568   0.018594   0.022018   0.026036   0.030738   0.036228   0.042627   0.050067   0.058699   0.068688   0.080226   0.093521   0.108805   0.126336   0.146401    0.16931   0.195407    0.22507   0.258709   0.296766   0.339727    0.38811
         0    6.1e-05   0.000124   0.000188   0.000257   0.000331   0.000412   0.000504   0.000606   0.000724   0.000859   0.001017   0.001203   0.001422   0.001682    0.00199   0.002358   0.002797   0.003322   0.003949   0.004697    0.00559   0.006655   0.007922   0.009429   0.011217   0.013336   0.015841   0.018798   0.022281   0.026374   0.031176   0.036795   0.043357   0.051005   0.059896   0.070211   0.082149   0.095937   0.111824   0.130088   0.151039   0.175014   0.202389   0.233576   0.269022    0.30922   0.354697   0.406034   0.463851
         0    7.5e-05   0.000152   0.000231   0.000315   0.000405   0.000504   0.000613   0.000736   0.000876   0.001037   0.001224   0.001444     0.0017   0.002006   0.002367   0.002798    0.00331   0.003922   0.004653   0.005524   0.006564   0.007802   0.009275   0.011027   0.013105   0.015567   0.018476   0.021911   0.025955   0.030709   0.036284    0.04281   0.050429   0.059308   0.069631   0.081606   0.095466   0.111473   0.129917   0.151122   0.175444   0.203277   0.235059   0.271263   0.312414   0.359079   0.411875   0.471472   0.538592
         0    9.1e-05   0.000184   0.000279   0.000381   0.000488   0.000606   0.000736   0.000881   0.001045   0.001234   0.001451   0.001706   0.002003   0.002354    0.00277   0.003263    0.00385    0.00455   0.005383   0.006377   0.007561   0.008972    0.01065   0.012643   0.015007   0.017807   0.021117   0.025022    0.02962   0.035025   0.041361   0.048778   0.057439    0.06753   0.079262   0.092872   0.108624   0.126815   0.147775   0.171872   0.199512   0.231142   0.267258   0.308401   0.355164   0.408193   0.468189   0.535915   0.612188
         0    0.00011   0.000221   0.000336   0.000456   0.000585   0.000724   0.000876   0.001045   0.001236   0.001454   0.001704   0.001995   0.002334   0.002732   0.003203    0.00376   0.004422    0.00521   0.006147   0.007263   0.008592   0.010173   0.012052   0.014284   0.016931   0.020064   0.023767   0.028135   0.033279   0.039322   0.046409   0.054702   0.064385   0.075667   0.088783   0.103998   0.121608   0.141943   0.165374   0.192311   0.223208   0.258566   0.298937   0.344927     0.3972   0.456476   0.523542   0.599246   0.684505
         0   0.000131   0.000264   0.000402   0.000545   0.000696   0.000859   0.001037   0.001234   0.001454   0.001703   0.001988   0.002317     0.0027   0.003148   0.003675   0.004298   0.005036   0.005912   0.006952    0.00819   0.009663   0.011413   0.013492   0.015961   0.018886   0.022347   0.026437    0.03126   0.036938   0.043609   0.051431   0.060583   0.071269   0.083718   0.098191   0.114978   0.134408   0.156844   0.182696   0.212414   0.246502    0.28551    0.33005   0.380788   0.438458   0.503854   0.577842   0.661361   0.755421
         0   0.000157   0.000315   0.000478   0.000647   0.000826   0.001017   0.001224   0.001451   0.001704   0.001988   0.002311   0.002682   0.003111   0.003611   0.004196   0.004886   0.005702   0.006667   0.007812   0.009171   0.010787   0.012705   0.014982   0.017683   0.020881   0.024666   0.029136   0.034405   0.040608   0.047894   0.056435   0.066428   0.078095   0.091686   0.107485    0.12581   0.147018   0.171509   0.199726   0.232163   0.269369   0.311946   0.360559   0.415937    0.47888   0.550256   0.631009   0.722164   0.824824
         0   0.000187   0.000376   0.000569   0.000769   0.000979   0.001203   0.001444   0.001706   0.001995   0.002317   0.002682   0.003098   0.003576   0.004131   0.004779   0.005537   0.006431   0.007488   0.008738    0.01022   0.011978   0.014062   0.016536   0.019465   0.022934   0.027036   0.031878   0.037586   0.044301   0.052189   0.061434   0.072248   0.084871   0.099578   0.116671   0.136496   0.159441   0.185934   0.216458   0.251548   0.291793    0.33785   0.390434   0.450336    0.51842   0.595625   0.682974   0.781574   0.892618
         0   0.000222   0.000447   0.000677   0.000913   0.001161   0.001422     0.0017   0.002003   0.002334     0.0027   0.003111   0.003576   0.004108   0.004722   0.005434   0.006266   0.007242    0.00839   0.009748   0.011352   0.013253   0.015504    0.01817   0.021327   0.025062   0.029475   0.034683   0.040819   0.048036    0.05651   0.066441   0.078057   0.091614   0.107406   0.125759   0.147046   0.171679   0.200122   0.232892   0.270561   0.313765   0.363205   0.419654   0.483956   0.557041   0.639917   0.733681   0.839521    0.95872
         0   0.000265   0.000533   0.000805   0.001086   0.001376   0.001682   0.002006   0.002354   0.002732   0.003148   0.003611   0.004131   0.004722   0.005399    0.00618   0.007088   0.008149   0.009394    0.01086   0.012589   0.014633   0.017049   0.019909    0.02329   0.027286   0.032005   0.037571   0.044126   0.051833    0.06088    0.07148   0.083875   0.098341   0.115187   0.134767   0.157472   0.183746   0.214083   0.249032   0.289206   0.335282   0.388007   0.448206    0.51678   0.594718   0.683098   0.783087   0.895954   1.023065
         0   0.000316   0.000635   0.000958    0.00129   0.001633    0.00199   0.002367    0.00277   0.003203   0.003675   0.004196   0.004779   0.005434    0.00618   0.007035   0.008025   0.009175   0.010521   0.012098   0.013954   0.016142   0.018725   0.021777    0.02538   0.029634   0.034654   0.040571   0.047535   0.055721   0.065326   0.076576   0.089728   0.105076   0.122949   0.143716   0.167798   0.195663   0.227834   0.264896   0.307496   0.356354    0.41226   0.476091   0.548801   0.631439   0.725146   0.831163   0.950834   1.085607
         0   0.000377   0.000757   0.001142   0.001534   0.001939   0.002358   0.002798   0.003263    0.00376   0.004298   0.004886   0.005537   0.006266   0.007088   0.008025   0.009101   0.010348   0.011796    0.01349   0.015476   0.017811   0.020562   0.023805   0.027629   0.032139   0.037456   0.043716   0.051081   0.059733   0.069881   0.081763   0.095653   0.111855    0.13072   0.152639   0.178053   0.207456   0.241402   0.280506   0.325452   0.376998    0.43598   0.503318   0.580025   0.667204   0.766059   0.877898   1.004141   1.146315
         0    0.00045   0.000903   0.001361   0.001827   0.002305   0.002797    0.00331    0.00385   0.004422   0.005036   0.005702   0.006431   0.007242   0.008149   0.009175   0.010348   0.011695   0.013255    0.01507   0.017191   0.019677   0.022597   0.026032   0.030077    0.03484   0.040448   0.047047   0.054803    0.06391   0.074587   0.087084   0.101687   0.118719   0.138544   0.161576   0.188276   0.219166   0.254825   0.295899   0.343108   0.397246   0.459192   0.529915   0.610473   0.702028   0.805846   0.923298   1.055874   1.205181
         0   0.000538   0.001079   0.001624   0.002178   0.002742   0.003322   0.003922    0.00455    0.00521   0.005912   0.006667   0.007488    0.00839   0.009394   0.010521   0.011796   0.013255   0.014934   0.016877   0.019138   0.021779   0.024872   0.028503   0.032768   0.037784   0.043681   0.050613   0.058753   0.068304   0.079495   0.092589   0.107883   0.125716   0.146469   0.170576   0.198517   0.230839   0.268148    0.31112   0.360507    0.41714    0.48194   0.555917   0.640181   0.735945   0.844534   0.967384   1.106051   1.262216
         0   0.000643   0.001288   0.001939   0.002596   0.003265   0.003949   0.004653   0.005383   0.006147   0.006952   0.007812   0.008738   0.009748    0.01086   0.012098    0.01349    0.01507   0.016877   0.018958   0.021366    0.02417   0.027441   0.031271   0.035759   0.041027   0.047211    0.05447   0.062988   0.072973   0.084666   0.098339   0.114303   0.132911   0.154561   0.179702   0.208839    0.24254   0.281435   0.326231    0.37771   0.436741   0.504279    0.58138   0.669201   0.769006   0.882173   1.010201   1.154713   1.317457
         0   0.000768   0.001538   0.002314   0.003096    0.00389   0.004697   0.005524   0.006377   0.007263    0.00819   0.009171    0.01022   0.011352   0.012589   0.013954   0.015476   0.017191   0.019138   0.021366   0.023934   0.026907   0.030365   0.034397   0.039113   0.044635   0.051105    0.05869   0.067579   0.077989    0.09017   0.104406   0.121019   0.140376    0.16289   0.189029   0.219316   0.254341    0.29476   0.341306   0.394792   0.456119   0.526282   0.606376   0.697603   0.801277   0.918828   1.051814   1.201918   1.370961
         0   0.000918   0.001839   0.002763   0.003695   0.004636    0.00559   0.006564   0.007561   0.008592   0.009663   0.010787   0.011978   0.013253   0.014633   0.016142   0.017811   0.019677   0.021779    0.02417   0.026907   0.030061   0.033714   0.037958   0.042905   0.048684   0.055443   0.063352   0.072608   0.083436   0.096095   0.110878   0.128121   0.148202    0.17155   0.198648    0.23004   0.266336   0.308215   0.356436   0.411843   0.475367   0.548041   0.630996   0.725479   0.832848   0.954589   1.092309   1.247758   1.422815
         0   0.001098   0.002197   0.003298   0.004407   0.005525   0.006655   0.007802   0.008972   0.010173   0.011413   0.012705   0.014062   0.015504   0.017049   0.018725   0.020562   0.022597   0.024872   0.027441   0.030365   0.033714   0.037572   0.042038   0.047226   0.053268   0.060318   0.068551   0.078172   0.089412    0.10254   0.117857    0.13571   0.156491   0.180643   0.208665   0.241117   0.278631   0.321909   0.371733   0.428975   0.494599   0.569667   0.655354    0.75294   0.863835   0.989567   1.131802   1.292342   1.473132
         0    0.00131   0.002622   0.003937   0.005257   0.006584   0.007922   0.009275    0.01065   0.012052   0.013492   0.014982   0.016536    0.01817   0.019909   0.021777   0.023805   0.026032   0.028503   0.031271   0.034397   0.037958   0.042038   0.046739   0.052179   0.058492   0.065839     0.0744   0.084384   0.096034   0.109622   0.125461   0.143909   0.165368   0.190296   0.219205   0.252676   0.291357   0.335971   0.387327    0.44632   0.513945   0.591296   0.679582   0.780124   0.894372   1.023903   1.170432   1.335814   1.522052
         0   0.001564   0.003129   0.004697   0.006267   0.007844   0.009429   0.011027   0.012643   0.014284   0.015961   0.017683   0.019465   0.021327    0.02329    0.02538   0.027629   0.030077   0.032768   0.035759   0.039113   0.042905   0.047226   0.052179   0.057883    0.06448   0.072132   0.081027   0.091379   0.103436   0.117479   0.133832   0.152859   0.174976   0.200653   0.230418   0.264866   0.304665   0.350557   0.403373   0.464036   0.533565   0.613088   0.703844   0.807194   0.924627   1.057764   1.208366   1.378343   1.569752
         0   0.001866   0.003731   0.005598   0.007467   0.009339   0.011217   0.013105   0.015007   0.016931   0.018886   0.020881   0.022934   0.025062   0.027286   0.029634   0.032139    0.03484   0.037784   0.041027   0.044635   0.048684   0.053268   0.058492    0.06448   0.071376   0.079347   0.088584   0.099309   0.111775   0.126272    0.14313   0.162725   0.185483   0.211886   0.242475   0.277862    0.31873   0.365843   0.420053   0.482304   0.553643   0.635228   0.728329   0.834343   0.954794   1.091347   1.245809   1.420136   1.616441
         0   0.002223   0.004445   0.006667   0.008888   0.011111   0.013336   0.015567   0.017807   0.020064   0.022347   0.024666   0.027036   0.029475   0.032005   0.034654   0.037456   0.040448   0.043681   0.047211   0.051105   0.055443   0.060318   0.065839   0.072132   0.079347   0.087653   0.097245   0.108352   0.121233   0.136184   0.153544   0.173698   0.197082   0.224189   0.255575   0.291865   0.333759   0.382038   0.437575   0.501337   0.574398   0.657938   0.753261   0.861796   0.985103   1.124886   1.282996   1.461434   1.662362
         0   0.002645   0.005289   0.007931    0.01057   0.013207   0.015841   0.018476   0.021117   0.023767   0.026437   0.029136   0.031878   0.034683   0.037571   0.040571   0.043716   0.047047   0.050613    0.05447    0.05869   0.063352   0.068551     0.0744   0.081027   0.088584   0.097245   0.107211   0.118714   0.132019   0.147429   0.165292      0.186   0.209998   0.237792    0.26995    0.30711   0.349986   0.399381   0.456184   0.521383   0.596076   0.681469   0.778895   0.889812   1.015817    1.15865   1.320202   1.502516   1.707803
         0   0.003144   0.006287   0.009424   0.012555    0.01568   0.018798   0.021911   0.025022   0.028135    0.03126   0.034405   0.037586   0.040819   0.044126   0.047535   0.051081   0.054803   0.058753   0.062988   0.067579   0.072608   0.078172   0.084384   0.091379   0.099309   0.108352   0.118714   0.130632   0.144374   0.160254   0.178623   0.199882   0.224489   0.252955   0.285863   0.323864   0.367687   0.418149   0.476159   0.542725   0.618965   0.706113   0.805526   0.918694   1.047243   1.192951   1.357742   1.543705   1.753093
         0   0.003732    0.00746   0.011182   0.014893   0.018594   0.022281   0.025955    0.02962   0.033279   0.036938   0.040608   0.044301   0.048036   0.051833   0.055721   0.059733    0.06391   0.068304   0.072973   0.077989   0.083436   0.089412   0.096034   0.103436   0.111775   0.121233   0.132019   0.144374   0.158575   0.174938   0.193822   0.215638   0.240848   0.269979   0.303621   0.342437   0.387173   0.438658    0.49782   0.565687   0.643395   0.732204   0.833494   0.948784    1.07973   1.228141   1.395979    1.58537   1.798609
         0   0.004423    0.00884   0.013248   0.017642   0.022018   0.026374   0.030709   0.035025   0.039322   0.043609   0.047894   0.052189    0.05651    0.06088   0.065326   0.069881   0.074587   0.079495   0.084666    0.09017   0.096095    0.10254   0.109622   0.117479   0.126272   0.136184   0.147429   0.160254   0.174938   0.191804   0.211219   0.233598   0.259416   0.289206   0.323568   0.363181   0.408799    0.46127   0.521535    0.59064   0.669743   0.760124   0.863187   0.980475   1.113676   1.264628   1.435325   1.627932   1.844779
         0   0.005233    0.01046   0.015674   0.020867   0.026036   0.031176   0.036284   0.041361   0.046409   0.051431   0.056435   0.061434   0.066441    0.07148   0.076576   0.081763   0.087084   0.092589   0.098339   0.104406   0.110878   0.117857   0.125461   0.133832    0.14313   0.153544   0.165292   0.178623   0.193822   0.211219   0.231184   0.254143   0.280576   0.311025   0.346103   0.386496   0.432973   0.486396   0.547719   0.618007   0.698436   0.790305   0.895042   1.014213   1.149533   1.302869   1.476247   1.671865   1.892091
         0   0.006183   0.012355    0.01851    0.02464   0.030738   0.036795    0.04281   0.048778   0.054702   0.060583   0.066428   0.072248   0.078057   0.083875   0.089728   0.095653   0.101687   0.107883   0.114303   0.121019   0.128121    0.13571   0.143909   0.152859   0.162725   0.173698      0.186   0.199882   0.215638   0.233598   0.254143   0.277702   0.304765   0.335881   0.371673   0.412838   0.460157   0.514501   0.576845   0.648265   0.729957   0.823236   0.929555   1.050501   1.187813   1.343385   1.519274   1.717707   1.941087
         0   0.007291   0.014569   0.021825   0.029048   0.036228   0.043357   0.050429   0.057439   0.064385   0.071269   0.078095   0.084871   0.091614   0.098341   0.105076   0.111855   0.118719   0.125716   0.132911   0.140376   0.148202   0.156491   0.165368   0.174976   0.185483   0.197082   0.209998   0.224489   0.240848   0.259416   0.280576   0.304765   0.332479   0.364276   0.400788   0.442723    0.49087   0.546117   0.609449   0.681957   0.764855   0.859475   0.967289   1.089907   1.229091   1.386759   1.564997   1.766061   1.992384
         0   0.008581   0.017149   0.025688   0.034185   0.042627   0.051005   0.059308    0.06753   0.075667   0.083718   0.091686   0.099578   0.107406   0.115187   0.122949    0.13072   0.138544   0.146469   0.154561    0.16289    0.17155   0.180643   0.190296   0.200653   0.211886   0.224189   0.237792   0.252955   0.269979   0.289206   0.311025   0.335881   0.364276   0.396778   0.434024   0.476732   0.525704   0.581838   0.646131   0.719692   0.803744   0.899644   1.008875   1.133071   1.274014   1.433648   1.614083   1.817601   2.046667
         0   0.010083   0.020148   0.030179   0.040156   0.050067   0.059896   0.069631   0.079262   0.088783   0.098191   0.107485   0.116671   0.125759   0.134767   0.143716   0.152639   0.161576   0.170576   0.179702   0.189029   0.198648   0.208665   0.219205   0.230418   0.242475   0.255575    0.26995   0.285863   0.303621   0.323568   0.346103   0.371673   0.400788   0.434024   0.472025    0.51552    0.56532   0.622334   0.687571   0.762153   0.847321   0.944442   1.055021   1.180709    1.32331   1.484787   1.667275   1.873084   2.104703
         0   0.011826   0.023628   0.035389   0.047085   0.058699   0.070211   0.081606   0.092872   0.103998   0.114978    0.12581   0.136496   0.147046   0.157472   0.167798   0.178053   0.188276   0.198517   0.208839   0.219316    0.23004   0.241117   0.252676   0.264866   0.277862   0.291865    0.30711   0.323864   0.342437   0.363181   0.386496   0.412838   0.442723   0.476732    0.51552   0.559821   0.610461   0.668357   0.734528   0.810112   0.896359   0.994655   1.106521   1.233623   1.377786   1.540994   1.725405   1.933349   2.167345
         0   0.013842   0.027657    0.04142   0.055105   0.068688   0.082149   0.095466   0.108624   0.121608   0.134408   0.147018   0.159441   0.171679   0.183746   0.195663   0.207456   0.219166   0.230839    0.24254   0.254341   0.266336   0.278631   0.291357   0.304665    0.31873   0.333759   0.349986   0.367687   0.387173   0.408799   0.432973   0.460157    0.49087   0.525704    0.56532   0.610461   0.661962   0.720748   0.787853   0.864424   0.951727   1.051159   1.164258   1.292708   1.438348   1.603185   1.789395   1.999333   2.235541
         0    0.01617   0.032309   0.048384   0.064366   0.080226   0.095937   0.111473   0.126815   0.141943   0.156844   0.171509   0.185934   0.200122   0.214083   0.227834   0.241402   0.254825   0.268148   0.281435    0.29476   0.308215   0.321909   0.335971   0.350557   0.365843   0.382038   0.399381   0.418149   0.438658    0.46127   0.486396   0.514501   0.546117   0.581838   0.622334   0.668357   0.720748   0.780446   0.848494   0.926049    1.01439   1.114929   1.229218   1.358955      1.506   1.672373   1.860273   2.072073   2.310339
         0   0.018854    0.03767    0.05641   0.075039   0.093521   0.111824   0.129917   0.147775   0.165374   0.182696   0.199726   0.216458   0.232892   0.249032   0.264896   0.280506   0.295899    0.31112   0.326231   0.341306   0.356436   0.371733   0.387327   0.403373   0.420053   0.437575   0.456184   0.476159    0.49782   0.521535   0.547719   0.576845   0.609449   0.646131   0.687571   0.734528   0.787853   0.848494   0.917502   0.996048   1.085422   1.187049   1.302494   1.433471   1.581854   1.749683   1.939171   2.152717   2.392901
         0   0.021939   0.043832   0.065637   0.087309   0.108805   0.130088   0.151122   0.171872   0.192311   0.212414   0.232163   0.251548   0.270561   0.289206   0.307496   0.325452   0.343108   0.360507    0.37771   0.394792   0.411843   0.428975    0.44632   0.464036   0.482304   0.501337   0.521383   0.542725   0.565687    0.59064   0.618007   0.648265   0.681957   0.719692   0.762153   0.810112   0.864424   0.926049   0.996048   1.075602   1.166014   1.268719   1.385296   1.517476   1.667144   1.836357   2.027347   2.242528   2.484503
         0   0.025477   0.050902    0.07622   0.101382   0.126336   0.151039   0.175444   0.199512   0.223208   0.246502   0.269369   0.291793   0.313765   0.335282   0.356354   0.376998   0.397246    0.41714   0.436741   0.456119   0.475367   0.494599   0.513945   0.533565   0.553643   0.574398   0.596076   0.618965   0.643395   0.669743   0.698436   0.729957   0.764855   0.803744   0.847321   0.896359   0.951727    1.01439   1.085422   1.166014   1.257478   1.361264   1.478962   1.612315   1.763226   1.933765   2.126179   2.342902   2.586552
         0   0.029527   0.058992   0.088332   0.117488   0.146401   0.175014   0.203277   0.231142   0.258566    0.28551   0.311946    0.33785   0.363205   0.388007    0.41226    0.43598   0.459192    0.48194   0.504279   0.526282   0.548041   0.569667   0.591296   0.613088   0.635228   0.657938   0.681469   0.706113   0.732204   0.760124   0.790305   0.823236   0.859475   0.899644   0.944442   0.994655   1.051159   1.114929   1.187049   1.268719   1.361264   1.466144   1.584962   1.719473   1.871595   2.043411   2.237187   2.455368   2.700593
         0   0.034152    0.06823   0.102162   0.135878    0.16931   0.202389   0.235059   0.267258   0.298937    0.33005   0.360559   0.390434   0.419654   0.448206   0.476091   0.503318   0.529915   0.555917    0.58138   0.606376   0.630996   0.655354   0.679582   0.703844   0.728329   0.753261   0.778895   0.805526   0.833494   0.863187   0.895042   0.929555   0.967289   1.008875   1.055021   1.106521   1.164258   1.229218   1.302494   1.385296   1.478962   1.584962    1.70491   1.840576   1.993889   2.166948   2.362031   2.581601    2.82831
         0   0.039419   0.078753   0.117918   0.156829   0.195407   0.233576   0.271263   0.308401   0.344927   0.380788   0.415937   0.450336   0.483956    0.51678   0.548801   0.580025   0.610473   0.640181   0.669201   0.697603   0.725479    0.75294   0.780124   0.807194   0.834343   0.861796   0.889812   0.918694   0.948784   0.980475   1.014213   1.050501   1.089907   1.133071   1.180709   1.233623   1.292708   1.358955   1.433471   1.517476   1.612315   1.719473   1.840576   1.977405   2.131901   2.306179    2.50253   2.723431    2.97155
         0   0.045407   0.090714   0.135825   0.180641    0.22507   0.269022   0.312414   0.355164     0.3972   0.438458    0.47888    0.51842   0.557041   0.594718   0.631439   0.667204   0.702028   0.735945   0.769006   0.801277   0.832848   0.863835   0.894372   0.924627   0.954794   0.985103   1.015817   1.047243    1.07973   1.113676   1.149533   1.187813   1.229091   1.274014    1.32331   1.377786   1.438348      1.506   1.581854   1.667144   1.763226   1.871595   1.993889   2.131901   2.287588   2.463074   2.660665   2.882852   3.132319
         0   0.052197   0.104278   0.156132   0.207645   0.258709    0.30922   0.359079   0.408193   0.456476   0.503854   0.550256   0.595625   0.639917   0.683098   0.725146   0.766059   0.805846   0.844534   0.882173   0.918828   0.954589   0.989567   1.023903   1.057764   1.091347   1.124886    1.15865   1.192951   1.228141   1.264628   1.302869   1.343385   1.386759   1.433648   1.484787   1.540994   1.603185   1.672373   1.749683   1.836357   1.933765   2.043411   2.166948   2.306179   2.463074    2.63977   2.838587   3.062028   3.312793
         0   0.059879   0.119625   0.179107   0.238196   0.296766   0.354697   0.411875   0.468189   0.523542   0.577842   0.631009   0.682974   0.733681   0.783087   0.831163   0.877898   0.923298   0.967384   1.010201   1.051814   1.092309   1.131802   1.170432   1.208366   1.245809   1.282996   1.320202   1.357742   1.395979   1.435325   1.476247   1.519274   1.564997   1.614083   1.667275   1.725405   1.789395   1.860273   1.939171   2.027347   2.126179   2.237187   2.362031    2.50253   2.660665   2.838587   3.038627   3.263305   3.515331
         0   0.068551   0.136948   0.205042   0.272683   0.339727   0.406034   0.471472   0.535915   0.599246   0.661361   0.722164   0.781574   0.839521   0.895954   0.950834   1.004141   1.055874   1.106051   1.154713   1.201918   1.247758   1.292342   1.335814   1.378343   1.420136   1.461434   1.502516   1.543705    1.58537   1.627932   1.671865   1.717707   1.766061   1.817601   1.873084   1.933349   1.999333   2.072073   2.152717   2.242528   2.342902   2.455368   2.581601   2.723431   2.882852   3.062028   3.263305   3.489214    3.74248
         0   0.078316   0.156458   0.234251   0.311523    0.38811   0.463851   0.538592   0.612188   0.684505   0.755421   0.824824   0.892618    0.95872   1.023065   1.085607   1.146315   1.205181   1.262216   1.317457   1.370961   1.422815   1.473132   1.522052   1.569752   1.616441   1.662362   1.707803   1.753093   1.798609   1.844779   1.892091   1.941087   1.992384   2.046667   2.104703   2.167345   2.235541   2.310339   2.392901   2.484503   2.586552   2.700593    2.82831    2.97155   3.132319   3.312793   3.515331    3.74248   3.996976