         0          0          0          0          0          0          0          0          0          0          0          0          0          0          0          0          0          0          0          0          0          0          0          0          0          0          0          0          0          0          0          0          0          0          0          0          0          0          0          0          0          0          0          0          0          0          0          0          0          0
         0      1e-06      2e-06      2e-06      3e-06      4e-06      5e-06      7e-06      8e-06      9e-06    1.2e-05    1.4e-05    1.7e-05      2e-05    2.6e-05    3.1e-05      4e-05    4.9e-05    6.1e-05    7.6e-05    9.6e-05   0.000121   0.000152   0.000191    0.00024   0.000301   0.000377   0.000471   0.000588   0.000733    0.00091   0.001129   0.001397   0.001722   0.002121   0.002603   0.003186    0.00389   0.004737   0.005753   0.006968   0.008417   0.010141   0.012184     0.0146   0.017446   0.020791   0.024711    0.02929   0.034625
         0      2e-06      3e-06      5e-06      6e-06      9e-06    1.1e-05    1.3e-05    1.5e-05    1.9e-05    2.4e-05    2.8e-05    3.4e-05    4.1e-05    5.1e-05    6.4e-05    7.9e-05    9.8e-05   0.000123   0.000154   0.000193   0.000242   0.000304   0.000382    0.00048   0.000602   0.000753   0.000942   0.001176   0.001464    0.00182   0.002256    0.00279   0.003441   0.004234   0.005197   0.006362   0.007768    0.00946   0.011489   0.013916   0.016811   0.020252   0.024332   0.029155    0.03484    0.04152   0.049349   0.058494   0.069147
         0      2e-06      5e-06      8e-06      1e-05    1.3e-05    1.6e-05      2e-05    2.4e-05    2.9e-05    3.5e-05    4.3e-05    5.2e-05    6.3e-05    7.7e-05    9.6e-05   0.000119   0.000147   0.000185    0.00023   0.000289   0.000363   0.000456   0.000573   0.000719   0.000901   0.001129    0.00141    0.00176   0.002191   0.002723   0.003376   0.004175    0.00515   0.006337   0.007778   0.009522   0.011626   0.014157   0.017193   0.020824   0.025155   0.030304   0.036409   0.043626   0.052132   0.062128   0.073841   0.087526   0.103466
         0      3e-06      6e-06      1e-05    1.4e-05    1.7e-05    2.2e-05    2.7e-05    3.3e-05    3.9e-05    4.8e-05    5.8e-05      7e-05    8.5e-05   0.000104   0.000128   0.000159   0.000197   0.000246   0.000308   0.000386   0.000484   0.000607   0.000763   0.000957   0.001199   0.001501   0.001876   0.002341   0.002913    0.00362   0.004487   0.005549   0.006844   0.008422   0.010337   0.012654   0.015449   0.018813   0.022847   0.027672   0.033425   0.040267    0.04838   0.057969   0.069271   0.082553   0.098117     0.1163   0.137481
         0      4e-06      9e-06    1.3e-05    1.7e-05    2.2e-05    2.8e-05    3.5e-05    4.2e-05      5e-05    6.1e-05    7.3e-05    8.8e-05   0.000107   0.000132   0.000162   0.000199   0.000247   0.000308   0.000385   0.000482   0.000604   0.000758   0.000952   0.001193   0.001495   0.001871   0.002338   0.002916   0.003629   0.004508   0.005588   0.006909   0.008522   0.010484   0.012867    0.01575   0.019229   0.023414   0.028435    0.03444   0.041601   0.050115    0.06021   0.072144    0.08621   0.102739   0.122107   0.144735   0.171094
         0      5e-06    1.1e-05    1.6e-05    2.2e-05    2.8e-05    3.5e-05    4.3e-05    5.2e-05    6.3e-05    7.5e-05      9e-05   0.000109   0.000132    0.00016   0.000197   0.000242   0.000299   0.000372   0.000464    0.00058   0.000726   0.000909    0.00114   0.001429   0.001789   0.002238   0.002794   0.003485   0.004337   0.005386   0.006674   0.008251   0.010176    0.01252   0.015363   0.018804   0.022957   0.027952   0.033944   0.041111   0.049658   0.059821   0.071869   0.086113   0.102901    0.12263   0.145746   0.172753   0.204214
         0      7e-06    1.3e-05      2e-05    2.7e-05    3.5e-05    4.3e-05    5.2e-05    6.3e-05    7.5e-05      9e-05   0.000108    0.00013   0.000156    0.00019   0.000232   0.000285   0.000353   0.000436   0.000544   0.000678   0.000847   0.001061   0.001329   0.001664   0.002081   0.002601   0.003247   0.004047   0.005035   0.006251   0.007745   0.009573   0.011804   0.014522   0.017818   0.021807   0.026621   0.032412   0.039359   0.047668   0.057576   0.069358   0.083326   0.099838     0.1193   0.142171    0.16897    0.20028   0.236752
         0      8e-06    1.5e-05    2.4e-05    3.3e-05    4.2e-05    5.2e-05    6.3e-05    7.6e-05      9e-05   0.000108   0.000128   0.000153   0.000184   0.000222   0.000271   0.000332   0.000407   0.000504   0.000625   0.000778   0.000971   0.001213   0.001517   0.001896   0.002371   0.002961   0.003695   0.004603   0.005724   0.007103   0.008798   0.010872   0.013404   0.016486   0.020228   0.024753   0.030215   0.036786   0.044668   0.054095   0.065336   0.078704   0.094552   0.113285   0.135366   0.161315    0.19172   0.227244   0.268623
         0      9e-06    1.9e-05    2.9e-05    3.9e-05      5e-05    6.3e-05    7.5e-05      9e-05   0.000107   0.000127    0.00015   0.000179   0.000214   0.000258   0.000312   0.000381   0.000466   0.000574    0.00071   0.000881   0.001096   0.001367   0.001707   0.002131    0.00266   0.003319   0.004138   0.005151   0.006401   0.007942   0.009832   0.012147   0.014974   0.018413   0.022587   0.027638   0.033732   0.041063   0.049858   0.060376    0.07292   0.087835   0.105519   0.126423    0.15106   0.180015   0.213942   0.253579   0.299752
         0    1.2e-05    2.4e-05    3.5e-05    4.8e-05    6.1e-05    7.5e-05      9e-05   0.000108   0.000127    0.00015   0.000177   0.000209   0.000249   0.000297   0.000358   0.000434   0.000529   0.000648   0.000799   0.000987   0.001226   0.001524   0.001898   0.002365   0.002949   0.003675   0.004576   0.005693    0.00707   0.008766   0.010848   0.013397   0.016509   0.020295   0.024892   0.030453   0.037163   0.045236   0.054919     0.0665   0.080312   0.096735   0.116205   0.139222   0.166349    0.19823   0.235585   0.279227   0.330065
         0    1.4e-05    2.8e-05    4.3e-05    5.8e-05    7.3e-05      9e-05   0.000108   0.000128    0.00015   0.000177   0.000207   0.000243   0.000287   0.000342    0.00041   0.000492   0.000597   0.000728   0.000892     0.0011   0.001359   0.001685   0.002092   0.002603   0.003238    0.00403   0.005013   0.006228   0.007729   0.009576   0.011844   0.014621    0.01801   0.022135    0.02714   0.033197   0.040505   0.049297   0.059843   0.072457   0.087499   0.105385    0.12659   0.151656   0.181202   0.215921   0.256605   0.304135   0.359502
         0    1.7e-05    3.4e-05    5.2e-05      7e-05    8.8e-05   0.000109    0.00013   0.000153   0.000179   0.000209   0.000243   0.000285   0.000334   0.000394   0.000467   0.000559   0.000673   0.000816   0.000994   0.001219     0.0015   0.001853   0.002294   0.002845   0.003532   0.004386   0.005447    0.00676    0.00838   0.010374   0.012823    0.01582   0.019477   0.023928   0.029331   0.035867   0.043755   0.053243   0.064624   0.078236   0.094469   0.113771   0.136655   0.163706    0.19559   0.233058   0.276963   0.328256   0.388006
         0      2e-05    4.1e-05    6.3e-05    8.5e-05   0.000107   0.000132   0.000156   0.000184   0.000214   0.000249   0.000287   0.000334   0.000389   0.000455   0.000536   0.000636    0.00076   0.000913   0.001107   0.001348    0.00165    0.00203   0.002503   0.003094   0.003832   0.004748   0.005885    0.00729   0.009026   0.011163   0.013785   0.016994   0.020911   0.025678   0.031464   0.038463   0.046909   0.057069   0.069257   0.083832   0.101215   0.121883   0.146387   0.175353   0.209494   0.249615   0.296626    0.35155   0.415529
         0    2.6e-05    5.1e-05    7.7e-05   0.000104   0.000132    0.00016    0.00019   0.000222   0.000258   0.000297   0.000342   0.000394   0.000455   0.000527   0.000616   0.000725   0.000859   0.001025   0.001232   0.001492   0.001815    0.00222   0.002725   0.003355   0.004141   0.005117   0.006327   0.007824   0.009671   0.011945   0.014734   0.018149   0.022315   0.027386   0.033539   0.040985   0.049968   0.060775   0.073737   0.089241   0.107729   0.129712   0.155775   0.186583   0.222895   0.265567   0.315569   0.373986   0.442034
         0    3.1e-05    6.4e-05    9.6e-05   0.000128   0.000162   0.000197   0.000232   0.000271   0.000312   0.000358    0.00041   0.000467   0.000536   0.000616   0.000714   0.000832   0.000976   0.001155   0.001377   0.001653   0.001998   0.002428   0.002965   0.003634   0.004466   0.005499    0.00678   0.008365   0.010319   0.012724   0.015675   0.019285   0.023693   0.029055   0.035562   0.043436   0.052934   0.064361   0.078068   0.094461    0.11401   0.137254   0.164812   0.197387   0.235782   0.280902   0.333772   0.395539    0.46749
         0      4e-05    7.9e-05   0.000119   0.000159   0.000199   0.000242   0.000285   0.000332   0.000381   0.000434   0.000492   0.000559   0.000636   0.000725   0.000832    0.00096   0.001116   0.001308   0.001545   0.001839   0.002205    0.00266   0.003228   0.003933   0.004811   0.005901   0.007251   0.008919   0.010977   0.013507   0.016614   0.020413    0.02505   0.030692   0.037538    0.04582   0.055813   0.067833   0.082251   0.099495   0.120059   0.144509   0.173496   0.207761   0.248148   0.295609   0.351222   0.416194   0.491876
         0    4.9e-05    9.8e-05   0.000147   0.000197   0.000247   0.000299   0.000353   0.000407   0.000466   0.000529   0.000597   0.000673    0.00076   0.000859   0.000976   0.001116   0.001285   0.001491   0.001744   0.002057   0.002443   0.002924   0.003521   0.004264   0.005186    0.00633   0.007746   0.009495   0.011652   0.014305   0.017558   0.021538   0.026395   0.032304   0.039473   0.048146    0.05861   0.071196   0.086293   0.104349    0.12588    0.15148   0.181832   0.217708   0.259994   0.309688   0.367915   0.435942   0.515184
         0    6.1e-05   0.000123   0.000185   0.000246   0.000308   0.000372   0.000436   0.000504   0.000574   0.000648   0.000728   0.000816   0.000913   0.001025   0.001155   0.001308   0.001491   0.001712   0.001982   0.002313   0.002722   0.003229   0.003857   0.004636   0.005602   0.006798   0.008277   0.010106   0.012357   0.015126    0.01852   0.022673   0.027739   0.033902   0.041379   0.050424   0.061335   0.074461   0.090203   0.109031   0.131482   0.158177   0.189824   0.227233   0.271325   0.323141   0.383854   0.454786   0.537412
         0    7.6e-05   0.000154    0.00023   0.000308   0.000385   0.000464   0.000544   0.000625    0.00071   0.000799   0.000892   0.000994   0.001107   0.001232   0.001377   0.001545   0.001744   0.001982    0.00227   0.002622   0.003054   0.003586   0.004246    0.00506   0.006069   0.007316   0.008858   0.010762   0.013104   0.015984   0.019514   0.023831   0.029096     0.0355   0.043269   0.052668   0.064005   0.077641   0.093996   0.113555   0.136879   0.164611   0.197487    0.23635   0.282153    0.33598   0.399051   0.472736   0.558569
         0    9.6e-05   0.000193   0.000289   0.000386   0.000482    0.00058   0.000678   0.000778   0.000881   0.000987     0.0011   0.001219   0.001348   0.001492   0.001653   0.001839   0.002057   0.002313   0.002622   0.002996   0.003452   0.004012   0.004702   0.005553   0.006604   0.007902   0.009505    0.01148   0.013911   0.016897   0.020556   0.025029   0.030484   0.037117   0.045164   0.054897   0.066636   0.080756    0.09769   0.117942   0.142091   0.170802   0.204841   0.245077   0.292498   0.348226   0.413524   0.489812   0.578675
         0   0.000121   0.000242   0.000363   0.000484   0.000604   0.000726   0.000847   0.000971   0.001096   0.001226   0.001359     0.0015    0.00165   0.001815   0.001998   0.002205   0.002443   0.002722   0.003054   0.003452   0.003935   0.004524   0.005246   0.006134   0.007228   0.008576   0.010237   0.012283   0.014799   0.017887   0.021668    0.02629   0.031925   0.038776   0.047084   0.057134   0.069252   0.083829    0.10131   0.122215    0.14714   0.176777   0.211911    0.25344   0.302387   0.359906   0.427304   0.506042   0.597763
         0   0.000152   0.000304   0.000456   0.000607   0.000758   0.000909   0.001061   0.001213   0.001367   0.001524   0.001685   0.001853    0.00203    0.00222   0.002428    0.00266   0.002924   0.003229   0.003586   0.004012   0.004524   0.005144     0.0059   0.006826   0.007963   0.009362   0.011081   0.013196   0.015793   0.018978   0.022878   0.027642   0.033446   0.040503   0.049059   0.059406   0.071884    0.08689   0.104886   0.126404   0.152062   0.182566    0.21873   0.261475   0.311855   0.371058   0.440427   0.521471   0.615873
         0   0.000191   0.000382   0.000573   0.000763   0.000952    0.00114   0.001329   0.001517   0.001707   0.001898   0.002092   0.002294   0.002503   0.002725   0.002965   0.003228   0.003521   0.003857   0.004246   0.004702   0.005246     0.0059   0.006693   0.007659    0.00884    0.01029   0.012067    0.01425   0.016926   0.020206   0.024219   0.029117   0.035083   0.042335   0.051124   0.061752   0.074566   0.089977   0.108455   0.130549   0.156893   0.188212    0.22534   0.269226   0.320948   0.381728   0.452946   0.536146   0.633063
         0    0.00024    0.00048   0.000719   0.000957   0.001193   0.001429   0.001664   0.001896   0.002131   0.002365   0.002603   0.002845   0.003094   0.003355   0.003634   0.003933   0.004264   0.004636    0.00506   0.005553   0.006134   0.006826   0.007659   0.008667   0.009897   0.011397   0.013234   0.015483   0.018238    0.02161   0.025729   0.030757   0.036877   0.044311   0.053322   0.064214   0.077345   0.093133   0.112064   0.134697   0.161683   0.193764   0.231794   0.276744   0.329721   0.391975   0.464918   0.550134   0.649399
         0   0.000301   0.000602   0.000901   0.001199   0.001495   0.001789   0.002081   0.002371    0.00266   0.002949   0.003238   0.003532   0.003832   0.004141   0.004466   0.004811   0.005186   0.005602   0.006069   0.006604   0.007228   0.007963    0.00884   0.009897   0.011174   0.012729   0.014626   0.016943   0.019776   0.023236   0.027461   0.032611   0.038878   0.046488   0.055706   0.066845   0.080274   0.096416   0.115769   0.138907   0.166491   0.199282   0.238153   0.284096   0.338241   0.401868   0.476418   0.563513   0.664963
         0   0.000377   0.000753   0.001129   0.001501   0.001871   0.002238   0.002601   0.002961   0.003319   0.003675    0.00403   0.004386   0.004748   0.005117   0.005499   0.005901    0.00633   0.006798   0.007316   0.007902   0.008576   0.009362    0.01029   0.011397   0.012729   0.014342   0.016301   0.018687   0.021597   0.025147   0.029474   0.034742    0.04115   0.048924   0.058338   0.069712   0.083417   0.099891    0.11964   0.143246   0.171388    0.20484   0.244492   0.291358   0.346589   0.411492   0.487535   0.576372   0.679853
         0   0.000471   0.000942    0.00141   0.001876   0.002338   0.002794   0.003247   0.003695   0.004138   0.004576   0.005013   0.005447   0.005885   0.006327    0.00678   0.007251   0.007746   0.008277   0.008858   0.009505   0.010237   0.011081   0.012067   0.013234   0.014626   0.016301   0.018327   0.020785   0.023774   0.027412   0.031839   0.037223   0.043764   0.051697   0.061297   0.072889   0.086857    0.10364   0.123755   0.147799   0.176459   0.210525   0.250903   0.298624   0.354862   0.420945   0.498371   0.588823   0.694184
         0   0.000588   0.001176    0.00176   0.002341   0.002916   0.003485   0.004047   0.004603   0.005151   0.005693   0.006228    0.00676    0.00729   0.007824   0.008365   0.008919   0.009495   0.010106   0.010762    0.01148   0.012283   0.013196    0.01425   0.015483   0.016943   0.018687   0.020785   0.023319    0.02639   0.030117   0.034645   0.040143   0.046814   0.054897   0.064674   0.076474   0.090686   0.107758   0.128216   0.152667   0.181807   0.216441    0.25749   0.306002   0.363171   0.430345   0.509048   0.600991   0.708088
         0   0.000733   0.001464   0.002191   0.002913   0.003629   0.004337   0.005035   0.005724   0.006401    0.00707   0.007729    0.00838   0.009026   0.009671   0.010319   0.010977   0.011652   0.012357   0.013104   0.013911   0.014799   0.015793   0.016926   0.018238   0.019776   0.021597   0.023774    0.02639   0.029546   0.033366   0.037995   0.043607   0.050406   0.058634   0.068579   0.080576   0.095018   0.112362   0.133139   0.157967   0.187552   0.222712   0.264381   0.313624    0.37165    0.43983   0.519711   0.613026   0.721719
         0    0.00091    0.00182   0.002723    0.00362   0.004508   0.005386   0.006251   0.007103   0.007942   0.008766   0.009576   0.010374   0.011163   0.011945   0.012724   0.013507   0.014305   0.015126   0.015984   0.016897   0.017887   0.018978   0.020206    0.02161   0.023236   0.025147   0.027412   0.030117   0.033366   0.037284   0.042017   0.047743   0.054667   0.063038   0.073146   0.085331    0.09999   0.117587   0.138663    0.16384   0.193839   0.229485   0.271726    0.32164   0.380455   0.449561   0.530522   0.625098    0.73526
         0   0.001129   0.002256   0.003376   0.004487   0.005588   0.006674   0.007745   0.008798   0.009832   0.010848   0.011844   0.012823   0.013785   0.014734   0.015675   0.016614   0.017558    0.01852   0.019514   0.020556   0.021668   0.022878   0.024219   0.025729   0.027461   0.029474   0.031839   0.034645   0.037995   0.042017   0.046861   0.052703   0.059754   0.068266   0.078532   0.090896   0.105761   0.123598   0.144952   0.170456   0.200836   0.236931   0.279699   0.330232   0.389772   0.459726   0.541678   0.637409   0.748913
         0   0.001397    0.00279   0.004175   0.005549   0.006909   0.008251   0.009573   0.010872   0.012147   0.013397   0.014621    0.01582   0.016994   0.018149   0.019285   0.020413   0.021538   0.022673   0.023831   0.025029    0.02629   0.027642   0.029117   0.030757   0.032611   0.034742   0.037223   0.040143   0.043607   0.047743   0.052703   0.058666   0.065848   0.074502   0.084923   0.097461   0.112524   0.130588   0.152203   0.178011   0.208746   0.245255   0.288507   0.339608   0.399813   0.470543   0.553402   0.650189    0.76292
         0   0.001722   0.003441    0.00515   0.006844   0.008522   0.010176   0.011804   0.013404   0.014974   0.016509    0.01801   0.019477   0.020911   0.022315   0.023693    0.02505   0.026395   0.027739   0.029096   0.030484   0.031925   0.033446   0.035083   0.036877   0.038878    0.04115   0.043764   0.046814   0.050406   0.054667   0.059754   0.065848   0.073167   0.081964    0.09254    0.10525   0.120504   0.138784   0.160647   0.186739   0.217803   0.254696   0.298395   0.350017   0.410829   0.482269   0.565955   0.663704   0.777553
         0   0.002121   0.004234   0.006337   0.008422   0.010484    0.01252   0.014522   0.016486   0.018413   0.020295   0.022135   0.023928   0.025678   0.027386   0.029055   0.030692   0.032304   0.033902     0.0355   0.037117   0.038776   0.040503   0.042335   0.044311   0.046488   0.048924   0.051697   0.054897   0.058634   0.063038   0.068266   0.074502   0.081964    0.09091   0.101645   0.114526   0.129968   0.148456   0.170553   0.196914   0.228285   0.265532   0.309643   0.361743   0.423113     0.4952   0.579639   0.678266   0.793129
         0   0.002603   0.005197   0.007778   0.010337   0.012867   0.015363   0.017818   0.020228   0.022587   0.024892    0.02714   0.029331   0.031464   0.033539   0.035562   0.037538   0.039473   0.041379   0.043269   0.045164   0.047084   0.049059   0.051124   0.053322   0.055706   0.058338   0.061297   0.064674   0.068579   0.073146   0.078532   0.084923    0.09254   0.101645   0.112545   0.125598   0.141226   0.159918   0.182242   0.208856   0.240516   0.278093   0.322584   0.375124   0.437004   0.509682   0.594807   0.694228   0.810014
         0   0.003186   0.006362   0.009522   0.012654    0.01575   0.018804   0.021807   0.024753   0.027638   0.030453   0.033197   0.035867   0.038463   0.040985   0.043436    0.04582   0.048146   0.050424   0.052668   0.054897   0.057134   0.059406   0.061752   0.064214   0.066845   0.069712   0.072889   0.076474   0.080576   0.085331   0.090896   0.097461    0.10525   0.114526   0.125598   0.138831   0.154647   0.173541   0.196085   0.222942   0.254875   0.292761   0.337605    0.39055   0.452895   0.526112   0.611861   0.712005   0.828625
         0    0.00389   0.007768   0.011626   0.015449   0.019229   0.022957   0.026621   0.030215   0.033732   0.037163   0.040505   0.043755   0.046909   0.049968   0.052934   0.055813    0.05861   0.061335   0.064005   0.066636   0.069252   0.071884   0.074566   0.077345   0.080274   0.083417   0.086857   0.090686   0.095018    0.09999   0.105761   0.112524   0.120504   0.129968   0.141226   0.154647   0.170657   0.189754   0.212516   0.239609   0.271803    0.30998   0.355153   0.408472   0.471246   0.544956   0.631272   0.732068   0.849444
         0   0.004737    0.00946   0.014157   0.018813   0.023414   0.027952   0.032412   0.036786   0.041063   0.045236   0.049297   0.053243   0.057069   0.060775   0.064361   0.067833   0.071196   0.074461   0.077641   0.080756   0.083829    0.08689   0.089977   0.093133   0.096416   0.099891    0.10364   0.107758   0.112362   0.117587   0.123598   0.130588   0.138784   0.148456   0.159918   0.173541   0.189754    0.20906    0.23204   0.259366   0.291812   0.330268   0.375748   0.429416   0.492584   0.566745   0.653577   0.754967   0.873025
         0   0.005753   0.011489   0.017193   0.022847   0.028435   0.033944   0.039359   0.044668   0.049858   0.054919   0.059843   0.064624   0.069257   0.073737   0.078068   0.082251   0.086293   0.090203   0.093996    0.09769    0.10131   0.104886   0.108455   0.112064   0.115769    0.11964   0.123755   0.128216   0.133139   0.138663   0.144952   0.152203   0.160647   0.170553   0.182242   0.196085   0.212516    0.23204   0.255243   0.282803   0.315496    0.35422   0.399994   0.453987   0.517522   0.592096     0.6794   0.781328   0.900002
         0   0.006968   0.013916   0.020824   0.027672    0.03444   0.041111   0.047668   0.054095   0.060376     0.0665   0.072457   0.078236   0.083832   0.089241   0.094461   0.099495   0.104349   0.109031   0.113555   0.117942   0.122215   0.126404   0.130549   0.134697   0.138907   0.143246   0.147799   0.152667   0.157967    0.16384   0.170456   0.178011   0.186739   0.196914   0.208856   0.222942   0.239609   0.259366   0.282803     0.3106   0.343541   0.382525   0.428582   0.482884    0.54676   0.621717   0.709451   0.811869     0.9311
         0   0.008417   0.016811   0.025155   0.033425   0.041601   0.049658   0.057576   0.065336    0.07292   0.080312   0.087499   0.094469   0.101215   0.107729    0.11401   0.120059    0.12588   0.131482   0.136879   0.142091    0.14714   0.152062   0.156893   0.161683   0.166491   0.171388   0.176459   0.181807   0.187552   0.193839   0.200836   0.208746   0.217803   0.228285   0.240516   0.254875   0.271803   0.291812   0.315496   0.343541   0.376734   0.415979   0.462312   0.516909   0.581107   0.656419    0.74455   0.847414    0.96715
         0   0.010141   0.020252   0.030304   0.040267   0.050115   0.059821   0.069358   0.078704   0.087835   0.096735   0.105385   0.113771   0.121883   0.129712   0.137254   0.144509    0.15148   0.158177   0.164611   0.170802   0.176777   0.182566   0.188212   0.193764   0.199282    0.20484   0.210525   0.216441   0.222712   0.229485   0.236931   0.245255   0.254696   0.265532   0.278093   0.292761    0.30998   0.330268    0.35422   0.382525   0.415979   0.455489   0.502095   0.556978   0.621485   0.697131   0.785631   0.888904   1.009099
         0   0.012184   0.024332   0.036409    0.04838    0.06021   0.071869   0.083326   0.094552   0.105519   0.116205    0.12659   0.136655   0.146387   0.155775   0.164812   0.173496   0.181832   0.189824   0.197487   0.204841   0.211911    0.21873    0.22534   0.231794   0.238153   0.244492   0.250903    0.25749   0.264381   0.271726   0.279699   0.288507   0.298395   0.309643   0.322584   0.337605   0.355153   0.375748   0.399994   0.428582   0.462312   0.502095   0.548976   0.604144   0.668949   0.744914   0.833758   0.937408   1.058022
         0     0.0146   0.029155   0.043626   0.057969   0.072144   0.086113   0.099838   0.113285   0.126423   0.139222   0.151656   0.163706   0.175353   0.186583   0.197387   0.207761   0.217708   0.227233    0.23635   0.245077    0.25344   0.261475   0.269226   0.276744   0.284096   0.291358   0.298624   0.306002   0.313624    0.32164   0.330232   0.339608   0.350017   0.361743   0.375124    0.39055   0.408472   0.429416   0.453987   0.482884   0.516909   0.556978   0.604144   0.659599   0.724698    0.80097    0.89014   0.994142   1.115142
         0   0.017446    0.03484   0.052132   0.069271    0.08621   0.102901     0.1193   0.135366    0.15106   0.166349   0.181202    0.19559   0.209494   0.222895   0.235782   0.248148   0.259994   0.271325   0.282153   0.292498   0.302387   0.311855   0.320948   0.329721   0.338241   0.346589   0.354862   0.363171    0.37165   0.380455   0.389772   0.399813   0.410829   0.423113   0.437004   0.452895   0.471246   0.492584   0.517522    0.54676   0.581107   0.621485   0.668949   0.724698    0.79009   0.866664   0.956148   1.060484   1.181841
         0   0.020791    0.04152   0.062128   0.082553   0.102739    0.12263   0.142171   0.161315   0.180015    0.19823   0.215921   0.233058   0.249615   0.265567   0.280902   0.295609   0.309688   0.323141    0.33598   0.348226   0.359906   0.371058   0.381728   0.391975   0.401868   0.411492   0.420945   0.430345    0.43983   0.449561   0.459726   0.470543   0.482269     0.4952   0.509682   0.526112   0.544956   0.566745   0.592096   0.621717   0.656419   0.697131   0.744914    0.80097   0.866664   0.943539    1.03333   1.137985    1.25968
         0   0.024711   0.049349   0.073841   0.098117   0.122107   0.145746    0.16897    0.19172   0.213942   0.235585   0.256605   0.276963   0.296626   0.315569   0.333772   0.351222   0.367915   0.383854   0.399051   0.413524   0.427304   0.440427   0.452946   0.464918   0.476418   0.487535   0.498371   0.509048   0.519711   0.530522   0.541678   0.553402   0.565955   0.579639   0.594807   0.611861   0.631272   0.653577     0.6794   0.709451    0.74455   0.785631   0.833758    0.89014   0.956148    1.03333   1.123428   1.228393   1.350408
         0    0.02929   0.058494   0.087526     0.1163   0.144735   0.172753    0.20028   0.227244   0.253579   0.279227   0.304135   0.328256    0.35155   0.373986   0.395539   0.416194   0.435942   0.454786   0.472736   0.489812   0.506042   0.521471   0.536146   0.550134   0.563513   0.576372   0.588823   0.600991   0.613026   0.625098   0.637409   0.650189   0.663704   0.678266   0.694228   0.712005   0.732068   0.754967   0.781328   0.811869   0.847414   0.888904   0.937408   0.994142   1.060484   1.137985   1.228393   1.333666   1.455992
         0   0.034625   0.069147   0.103466   0.137481   0.171094   0.204214   0.236752   0.268623   0.299752   0.330065   0.359502   0.388006   0.415529   0.442034    0.46749   0.491876   0.515184   0.537412   0.558569   0.578675   0.597763   0.615873   0.633063   0.649399   0.664963   0.679853   0.694184   0.708088   0.721719    0.73526   0.748913    0.76292   0.777553   0.793129   0.810014   0.828625   0.849444   0.873025   0.900002     0.9311    0.96715   1.009099   1.058022   1.115142   1.181841    1.25968   1.350408   1.455992   1.578625